user_id,degree,specialization,cgpa_normalized,cgpa_category,certifications_count,coding_skills_category,internships_count,projects_count,experience_category,total_experience,research_experience,extracurriculars,leadership_positions,field_courses,target_career
USER_0015,B.Arch,Architecture,9.764929315174005,Outstanding,1,Intermediate,2,1,Intermediate,4,"{""has_research"": true, ""level"": ""Beginner"", ""description"": ""Basic research exposure""}",3,1,1,Civil Engineer
USER_0050,B.Tech,Computer Science,7.242841757750052,Very Good,0,Intermediate,0,0,No Experience,1,"{""has_research"": false, ""level"": ""None"", ""description"": ""No research experience""}",0,1,5,Data Scientist
USER_0050,B.Sc,Computer Science,7.242841757750052,Very Good,0,Intermediate,0,0,No Experience,1,"{""has_research"": false, ""level"": ""None"", ""description"": ""No research experience""}",0,1,5,Data Scientist
USER_0105,B.Arch,Architecture,5.791095880653994,Average,1,Expert,2,2,Intermediate,5,"{""has_research"": true, ""level"": ""Beginner"", ""description"": ""Basic research exposure""}",8,1,0,Civil Engineer
USER_0116,B.Arch,Architecture,8.901822337161613,Excellent,1,Elementary,0,2,Beginner,3,"{""has_research"": true, ""level"": ""Beginner"", ""description"": ""Basic research exposure""}",8,1,6,Civil Engineer
USER_0185,B.Tech,Computer Science,6.492018831755612,Good,0,Elementary,0,1,Beginner,1,"{""has_research"": false, ""level"": ""None"", ""description"": ""No research experience""}",8,0,7,Graphic Designer
USER_0185,B.Sc,Computer Science,6.492018831755612,Good,0,Elementary,0,1,Beginner,1,"{""has_research"": false, ""level"": ""None"", ""description"": ""No research experience""}",8,0,7,Graphic Designer
USER_0284,B.Tech,AI/ML,8.27007589253638,Excellent,1,Intermediate,0,2,Beginner,2,"{""has_research"": true, ""level"": ""Beginner"", ""description"": ""Basic research exposure""}",6,0,0,AI Researcher
USER_0284,B.E.,AI/ML,8.27007589253638,Excellent,1,Intermediate,0,2,Beginner,2,"{""has_research"": true, ""level"": ""Beginner"", ""description"": ""Basic research exposure""}",6,0,0,AI Researcher
USER_0347,B.Arch,Architecture,5.813028132033903,Average,0,Beginner,1,1,Beginner,3,"{""has_research"": true, ""level"": ""Beginner"", ""description"": ""Basic research exposure""}",1,1,7,Civil Engineer
USER_0381,B.Tech,Computer Science,9.4401236866553,Outstanding,1,Intermediate,1,2,Intermediate,3,"{""has_research"": false, ""level"": ""None"", ""description"": ""No research experience""}",2,0,6,Data Scientist
USER_0381,B.Sc,Computer Science,9.4401236866553,Outstanding,1,Intermediate,1,2,Intermediate,3,"{""has_research"": false, ""level"": ""None"", ""description"": ""No research experience""}",2,0,6,Data Scientist
USER_0401,B.Arch,Architecture,9.979388664350434,Outstanding,1,Elementary,1,3,Intermediate,5,"{""has_research"": false, ""level"": ""None"", ""description"": ""No research experience""}",9,1,4,Civil Engineer
USER_0419,B.Arch,Architecture,6.6365685390239495,Good,1,Advanced,1,3,Intermediate,5,"{""has_research"": true, ""level"": ""Beginner"", ""description"": ""Basic research exposure""}",9,1,9,Civil Engineer
USER_0443,B.Arch,Architecture,5.897259638293386,Average,0,Beginner,2,2,Intermediate,5,"{""has_research"": false, ""level"": ""None"", ""description"": ""No research experience""}",0,1,9,Civil Engineer
USER_0478,B.Arch,Architecture,6.212523986638949,Good,1,Expert,0,3,Intermediate,3,"{""has_research"": false, ""level"": ""None"", ""description"": ""No research experience""}",6,0,4,Civil Engineer
USER_0496,B.Tech,Computer Science,6.903810300690724,Good,1,Elementary,2,4,Experienced,6,"{""has_research"": true, ""level"": ""Beginner"", ""description"": ""Basic research exposure""}",8,0,2,AI Researcher
USER_0496,B.Sc,Computer Science,6.903810300690724,Good,1,Elementary,2,4,Experienced,6,"{""has_research"": true, ""level"": ""Beginner"", ""description"": ""Basic research exposure""}",8,0,2,AI Researcher
USER_0542,B.Arch,Architecture,7.811673903348396,Very Good,0,Beginner,0,4,Intermediate,5,"{""has_research"": true, ""level"": ""Beginner"", ""description"": ""Basic research exposure""}",0,1,2,Civil Engineer
USER_0565,B.Tech,Computer Science,6.401423852754295,Good,0,Advanced,1,4,Experienced,6,"{""has_research"": true, ""level"": ""Beginner"", ""description"": ""Basic research exposure""}",3,1,6,Software Developer
USER_0565,B.Sc,Computer Science,6.401423852754295,Good,0,Advanced,1,4,Experienced,6,"{""has_research"": true, ""level"": ""Beginner"", ""description"": ""Basic research exposure""}",3,1,6,Software Developer
USER_0641,B.Tech,Computer Science,8.240540671595083,Excellent,0,Intermediate,1,0,Beginner,1,"{""has_research"": false, ""level"": ""None"", ""description"": ""No research experience""}",7,0,8,Data Scientist
USER_0641,B.Sc,Computer Science,8.240540671595083,Excellent,0,Intermediate,1,0,Beginner,1,"{""has_research"": false, ""level"": ""None"", ""description"": ""No research experience""}",7,0,8,Data Scientist
USER_0685,B.Tech,Computer Science,5.87085902172319,Average,0,Advanced,2,2,Intermediate,4,"{""has_research"": false, ""level"": ""None"", ""description"": ""No research experience""}",6,0,8,Game Developer
USER_0685,B.Sc,Computer Science,5.87085902172319,Average,0,Advanced,2,2,Intermediate,4,"{""has_research"": false, ""level"": ""None"", ""description"": ""No research experience""}",6,0,8,Game Developer
USER_0738,B.Tech,AI/ML,8.639843520301518,Excellent,1,Intermediate,0,3,Intermediate,3,"{""has_research"": true, ""level"": ""Beginner"", ""description"": ""Basic research exposure""}",6,0,0,AI Researcher
USER_0738,B.E.,AI/ML,8.639843520301518,Excellent,1,Intermediate,0,3,Intermediate,3,"{""has_research"": true, ""level"": ""Beginner"", ""description"": ""Basic research exposure""}",6,0,0,AI Researcher
USER_0753,B.Arch,Architecture,5.481335904534017,Average,0,Elementary,0,0,No Experience,0,"{""has_research"": false, ""level"": ""None"", ""description"": ""No research experience""}",1,0,0,Civil Engineer
USER_0805,B.Tech,Electronics,6.39674782728191,Good,0,Intermediate,0,2,Beginner,2,"{""has_research"": false, ""level"": ""None"", ""description"": ""No research experience""}",0,0,3,Graphic Designer
USER_0805,B.E.,Electronics,6.39674782728191,Good,0,Intermediate,0,2,Beginner,2,"{""has_research"": false, ""level"": ""None"", ""description"": ""No research experience""}",0,0,3,Graphic Designer
USER_0877,B.Tech,Information Technology,7.706645982632619,Very Good,0,Advanced,2,1,Intermediate,4,"{""has_research"": false, ""level"": ""None"", ""description"": ""No research experience""}",7,1,3,Software Developer
USER_0877,B.E.,Information Technology,7.706645982632619,Very Good,0,Advanced,2,1,Intermediate,4,"{""has_research"": false, ""level"": ""None"", ""description"": ""No research experience""}",7,1,3,Software Developer
USER_0926,B.Arch,Architecture,7.221102631766264,Very Good,0,Intermediate,1,0,Beginner,1,"{""has_research"": true, ""level"": ""Beginner"", ""description"": ""Basic research exposure""}",5,0,8,Civil Engineer
USER_0975,B.Arch,Architecture,7.349003491990384,Very Good,1,Advanced,1,0,Beginner,2,"{""has_research"": false, ""level"": ""None"", ""description"": ""No research experience""}",1,1,5,Civil Engineer
USER_1023,B.Tech,Computer Science,5.612915493316056,Average,0,Elementary,2,3,Experienced,5,"{""has_research"": true, ""level"": ""Beginner"", ""description"": ""Basic research exposure""}",0,0,7,Cybersecurity Analyst
USER_1023,B.Sc,Computer Science,5.612915493316056,Average,0,Elementary,2,3,Experienced,5,"{""has_research"": true, ""level"": ""Beginner"", ""description"": ""Basic research exposure""}",0,0,7,Cybersecurity Analyst
USER_1069,B.Tech,Mechanical,9.406992524865396,Outstanding,1,Elementary,1,3,Intermediate,5,"{""has_research"": false, ""level"": ""None"", ""description"": ""No research experience""}",3,1,8,Aerospace Engineer
USER_1069,B.E.,Mechanical,9.406992524865396,Outstanding,1,Elementary,1,3,Intermediate,5,"{""has_research"": false, ""level"": ""None"", ""description"": ""No research experience""}",3,1,8,Aerospace Engineer
USER_1088,B.Arch,Architecture,7.26935361946609,Very Good,0,Intermediate,1,1,Beginner,2,"{""has_research"": true, ""level"": ""Beginner"", ""description"": ""Basic research exposure""}",0,0,3,Civil Engineer
USER_1159,B.Tech,Computer Science,5.984855979649479,Average,1,Expert,1,0,Beginner,1,"{""has_research"": false, ""level"": ""None"", ""description"": ""No research experience""}",0,0,0,Game Developer
USER_1159,B.Sc,Computer Science,5.984855979649479,Average,1,Expert,1,0,Beginner,1,"{""has_research"": false, ""level"": ""None"", ""description"": ""No research experience""}",0,0,0,Game Developer
USER_1208,B.Arch,Architecture,5.9829273351651455,Average,0,Intermediate,0,0,No Experience,1,"{""has_research"": true, ""level"": ""Beginner"", ""description"": ""Basic research exposure""}",3,1,0,Civil Engineer
USER_1219,B.Tech,Computer Science,9.35307878877106,Outstanding,1,Expert,0,3,Intermediate,3,"{""has_research"": false, ""level"": ""None"", ""description"": ""No research experience""}",4,0,6,Software Developer
USER_1219,B.Sc,Computer Science,9.35307878877106,Outstanding,1,Expert,0,3,Intermediate,3,"{""has_research"": false, ""level"": ""None"", ""description"": ""No research experience""}",4,0,6,Software Developer
USER_1220,B.Arch,Architecture,8.002236355354322,Excellent,1,Intermediate,0,1,Beginner,1,"{""has_research"": false, ""level"": ""None"", ""description"": ""No research experience""}",0,0,8,Civil Engineer
USER_1237,B.Tech,Mechanical,9.94534679208506,Outstanding,0,Intermediate,2,4,Experienced,7,"{""has_research"": false, ""level"": ""None"", ""description"": ""No research experience""}",6,1,6,Chemical Engineer
USER_1237,B.E.,Mechanical,9.94534679208506,Outstanding,0,Intermediate,2,4,Experienced,7,"{""has_research"": false, ""level"": ""None"", ""description"": ""No research experience""}",6,1,6,Chemical Engineer
USER_1253,B.Tech,Mechanical,9.049312286030505,Outstanding,0,Expert,2,3,Experienced,6,"{""has_research"": false, ""level"": ""None"", ""description"": ""No research experience""}",4,1,6,Mechanical Engineer
USER_1253,B.E.,Mechanical,9.049312286030505,Outstanding,0,Expert,2,3,Experienced,6,"{""has_research"": false, ""level"": ""None"", ""description"": ""No research experience""}",4,1,6,Mechanical Engineer
USER_1265,B.Tech,Computer Science,5.070305896127703,Average,1,Advanced,1,3,Intermediate,5,"{""has_research"": true, ""level"": ""Beginner"", ""description"": ""Basic research exposure""}",9,1,9,Graphic Designer
USER_1265,B.Sc,Computer Science,5.070305896127703,Average,1,Advanced,1,3,Intermediate,5,"{""has_research"": true, ""level"": ""Beginner"", ""description"": ""Basic research exposure""}",9,1,9,Graphic Designer
USER_1272,B.Arch,Architecture,5.3368649517392015,Average,1,Advanced,1,3,Intermediate,5,"{""has_research"": true, ""level"": ""Beginner"", ""description"": ""Basic research exposure""}",6,1,2,Civil Engineer
USER_1377,B.Arch,Architecture,5.3062965711697165,Average,0,Advanced,0,2,Beginner,3,"{""has_research"": false, ""level"": ""None"", ""description"": ""No research experience""}",7,1,9,Civil Engineer
USER_1435,B.Arch,Architecture,6.07534373996884,Good,1,Beginner,2,0,Beginner,3,"{""has_research"": true, ""level"": ""Beginner"", ""description"": ""Basic research exposure""}",6,1,7,Civil Engineer
USER_1465,B.Tech,Cybersecurity,9.076119774606497,Outstanding,0,Intermediate,0,2,Beginner,3,"{""has_research"": false, ""level"": ""None"", ""description"": ""No research experience""}",9,1,5,Cybersecurity Analyst
USER_1465,B.E.,Cybersecurity,9.076119774606497,Outstanding,0,Intermediate,0,2,Beginner,3,"{""has_research"": false, ""level"": ""None"", ""description"": ""No research experience""}",9,1,5,Cybersecurity Analyst
USER_1493,B.Tech,Computer Science,7.49679263010103,Very Good,0,Expert,0,3,Intermediate,3,"{""has_research"": true, ""level"": ""Beginner"", ""description"": ""Basic research exposure""}",1,0,2,Graphic Designer
USER_1493,B.Sc,Computer Science,7.49679263010103,Very Good,0,Expert,0,3,Intermediate,3,"{""has_research"": true, ""level"": ""Beginner"", ""description"": ""Basic research exposure""}",1,0,2,Graphic Designer
USER_1510,B.Tech,Computer Science,9.927284104542633,Outstanding,1,Advanced,2,3,Experienced,5,"{""has_research"": false, ""level"": ""None"", ""description"": ""No research experience""}",7,0,9,Game Developer
USER_1510,B.E.,Computer Science,9.927284104542633,Outstanding,1,Advanced,2,3,Experienced,5,"{""has_research"": false, ""level"": ""None"", ""description"": ""No research experience""}",7,0,9,Game Developer
USER_1518,B.Arch,Architecture,5.957341742123992,Average,0,Beginner,1,4,Experienced,5,"{""has_research"": false, ""level"": ""None"", ""description"": ""No research experience""}",2,0,6,Civil Engineer
USER_1520,B.Tech,Computer Science,8.49307202059874,Excellent,0,Expert,2,4,Experienced,6,"{""has_research"": false, ""level"": ""None"", ""description"": ""No research experience""}",6,0,0,Software Developer
USER_1520,B.Sc,Computer Science,8.49307202059874,Excellent,0,Expert,2,4,Experienced,6,"{""has_research"": false, ""level"": ""None"", ""description"": ""No research experience""}",6,0,0,Software Developer
USER_1545,B.Tech,Civil,8.447737109133573,Excellent,1,Intermediate,2,4,Experienced,7,"{""has_research"": true, ""level"": ""Beginner"", ""description"": ""Basic research exposure""}",1,1,4,Civil Engineer
USER_1545,B.E.,Civil,8.447737109133573,Excellent,1,Intermediate,2,4,Experienced,7,"{""has_research"": true, ""level"": ""Beginner"", ""description"": ""Basic research exposure""}",1,1,4,Civil Engineer
USER_1546,B.Tech,Mechanical,6.033576011148291,Good,1,Advanced,2,0,Beginner,2,"{""has_research"": false, ""level"": ""None"", ""description"": ""No research experience""}",1,0,9,Mechanical Engineer
USER_1546,B.E.,Mechanical,6.033576011148291,Good,1,Advanced,2,0,Beginner,2,"{""has_research"": false, ""level"": ""None"", ""description"": ""No research experience""}",1,0,9,Mechanical Engineer
USER_1572,B.Tech,Electronics,7.065915664427541,Very Good,0,Expert,0,2,Beginner,3,"{""has_research"": true, ""level"": ""Beginner"", ""description"": ""Basic research exposure""}",2,1,5,Graphic Designer
USER_1572,B.E.,Electronics,7.065915664427541,Very Good,0,Expert,0,2,Beginner,3,"{""has_research"": true, ""level"": ""Beginner"", ""description"": ""Basic research exposure""}",2,1,5,Graphic Designer
USER_1594,B.Tech,Computer Science,5.976042723653031,Average,0,Advanced,1,1,Beginner,3,"{""has_research"": true, ""level"": ""Beginner"", ""description"": ""Basic research exposure""}",6,1,3,Cybersecurity Analyst
USER_1594,B.Sc,Computer Science,5.976042723653031,Average,0,Advanced,1,1,Beginner,3,"{""has_research"": true, ""level"": ""Beginner"", ""description"": ""Basic research exposure""}",6,1,3,Cybersecurity Analyst
USER_1647,B.Tech,Computer Science,6.858611178929591,Good,1,Advanced,2,4,Experienced,6,"{""has_research"": false, ""level"": ""None"", ""description"": ""No research experience""}",0,0,4,Software Developer
USER_1647,B.Sc,Computer Science,6.858611178929591,Good,1,Advanced,2,4,Experienced,6,"{""has_research"": false, ""level"": ""None"", ""description"": ""No research experience""}",0,0,4,Software Developer
USER_1680,B.Arch,Architecture,9.28139869011452,Outstanding,1,Advanced,2,2,Intermediate,4,"{""has_research"": false, ""level"": ""None"", ""description"": ""No research experience""}",9,0,3,Graphic Designer
USER_1685,B.Tech,Computer Science,8.089746106618549,Excellent,1,Intermediate,0,4,Intermediate,4,"{""has_research"": true, ""level"": ""Beginner"", ""description"": ""Basic research exposure""}",1,0,1,AI Researcher
USER_1685,B.Sc,Computer Science,8.089746106618549,Excellent,1,Intermediate,0,4,Intermediate,4,"{""has_research"": true, ""level"": ""Beginner"", ""description"": ""Basic research exposure""}",1,0,1,AI Researcher
USER_1687,B.Tech,Computer Science,7.17945523552884,Very Good,1,Beginner,1,1,Beginner,3,"{""has_research"": false, ""level"": ""None"", ""description"": ""No research experience""}",2,1,2,Graphic Designer
USER_1687,B.Sc,Computer Science,7.17945523552884,Very Good,1,Beginner,1,1,Beginner,3,"{""has_research"": false, ""level"": ""None"", ""description"": ""No research experience""}",2,1,2,Graphic Designer
USER_1692,B.Tech,AI/ML,8.36365488391735,Excellent,0,Advanced,1,1,Beginner,2,"{""has_research"": true, ""level"": ""Beginner"", ""description"": ""Basic research exposure""}",0,0,5,AI Researcher
USER_1692,B.E.,AI/ML,8.36365488391735,Excellent,0,Advanced,1,1,Beginner,2,"{""has_research"": true, ""level"": ""Beginner"", ""description"": ""Basic research exposure""}",0,0,5,AI Researcher
USER_1697,B.Tech,Mechanical,8.166431054789129,Excellent,1,Beginner,0,4,Intermediate,4,"{""has_research"": false, ""level"": ""None"", ""description"": ""No research experience""}",9,0,8,Aerospace Engineer
USER_1697,B.E.,Mechanical,8.166431054789129,Excellent,1,Beginner,0,4,Intermediate,4,"{""has_research"": false, ""level"": ""None"", ""description"": ""No research experience""}",9,0,8,Aerospace Engineer
USER_1711,B.Tech,Electrical,6.358788645698409,Good,0,Elementary,1,2,Intermediate,4,"{""has_research"": false, ""level"": ""None"", ""description"": ""No research experience""}",2,1,5,Electrical Engineer
USER_1711,B.E.,Electrical,6.358788645698409,Good,0,Elementary,1,2,Intermediate,4,"{""has_research"": false, ""level"": ""None"", ""description"": ""No research experience""}",2,1,5,Electrical Engineer
USER_1715,B.Tech,Information Technology,5.487308643198396,Average,1,Advanced,2,0,Beginner,2,"{""has_research"": false, ""level"": ""None"", ""description"": ""No research experience""}",5,0,1,Web Developer
USER_1715,B.E.,Information Technology,5.487308643198396,Average,1,Advanced,2,0,Beginner,2,"{""has_research"": false, ""level"": ""None"", ""description"": ""No research experience""}",5,0,1,Web Developer
USER_1730,B.Tech,AI/ML,9.158525343745424,Outstanding,0,Intermediate,0,2,Beginner,2,"{""has_research"": false, ""level"": ""None"", ""description"": ""No research experience""}",1,0,9,AI Researcher
USER_1730,B.E.,AI/ML,9.158525343745424,Outstanding,0,Intermediate,0,2,Beginner,2,"{""has_research"": false, ""level"": ""None"", ""description"": ""No research experience""}",1,0,9,AI Researcher
USER_1748,B.Tech,Mechanical,6.273275847732835,Good,1,Advanced,2,1,Intermediate,4,"{""has_research"": true, ""level"": ""Beginner"", ""description"": ""Basic research exposure""}",5,1,2,Chemical Engineer
USER_1748,B.E.,Mechanical,6.273275847732835,Good,1,Advanced,2,1,Intermediate,4,"{""has_research"": true, ""level"": ""Beginner"", ""description"": ""Basic research exposure""}",5,1,2,Chemical Engineer
USER_1812,B.Tech,Computer Science,5.662690462756244,Average,1,Beginner,0,2,Beginner,2,"{""has_research"": false, ""level"": ""None"", ""description"": ""No research experience""}",3,0,5,Data Scientist
USER_1812,B.Sc,Computer Science,5.662690462756244,Average,1,Beginner,0,2,Beginner,2,"{""has_research"": false, ""level"": ""None"", ""description"": ""No research experience""}",3,0,5,Data Scientist
USER_1854,B.Tech,Computer Science,9.674729200424988,Outstanding,0,Advanced,2,3,Experienced,5,"{""has_research"": false, ""level"": ""None"", ""description"": ""No research experience""}",9,0,3,Software Developer
USER_1854,B.Sc,Computer Science,9.674729200424988,Outstanding,0,Advanced,2,3,Experienced,5,"{""has_research"": false, ""level"": ""None"", ""description"": ""No research experience""}",9,0,3,Software Developer
USER_1946,B.Tech,Computer Science,8.934934566755553,Excellent,0,Beginner,2,3,Experienced,6,"{""has_research"": false, ""level"": ""None"", ""description"": ""No research experience""}",6,1,3,Software Developer
USER_1946,B.Sc,Computer Science,8.934934566755553,Excellent,0,Beginner,2,3,Experienced,6,"{""has_research"": false, ""level"": ""None"", ""description"": ""No research experience""}",6,1,3,Software Developer
USER_1989,B.Tech,Computer Science,9.647764963939972,Outstanding,1,Elementary,0,0,No Experience,0,"{""has_research"": false, ""level"": ""None"", ""description"": ""No research experience""}",6,0,9,Graphic Designer
USER_1989,B.Sc,Computer Science,9.647764963939972,Outstanding,1,Elementary,0,0,No Experience,0,"{""has_research"": false, ""level"": ""None"", ""description"": ""No research experience""}",6,0,9,Graphic Designer
USER_1997,B.Arch,Architecture,8.143103983323886,Excellent,0,Elementary,1,4,Experienced,5,"{""has_research"": true, ""level"": ""Beginner"", ""description"": ""Basic research exposure""}",9,0,5,Civil Engineer
USER_2031,B.Tech,Computer Science,7.663827724713835,Very Good,0,Elementary,1,2,Intermediate,3,"{""has_research"": true, ""level"": ""Beginner"", ""description"": ""Basic research exposure""}",1,0,5,Data Scientist
USER_2031,B.Sc,Computer Science,7.663827724713835,Very Good,0,Elementary,1,2,Intermediate,3,"{""has_research"": true, ""level"": ""Beginner"", ""description"": ""Basic research exposure""}",1,0,5,Data Scientist
USER_2127,B.Arch,Architecture,9.797053531480008,Outstanding,0,Advanced,2,4,Experienced,6,"{""has_research"": false, ""level"": ""None"", ""description"": ""No research experience""}",9,0,9,Civil Engineer
USER_2140,B.Tech,Information Technology,9.13596939550537,Outstanding,0,Expert,2,3,Experienced,5,"{""has_research"": false, ""level"": ""None"", ""description"": ""No research experience""}",3,0,6,Web Developer
USER_2140,B.E.,Information Technology,9.13596939550537,Outstanding,0,Expert,2,3,Experienced,5,"{""has_research"": false, ""level"": ""None"", ""description"": ""No research experience""}",3,0,6,Web Developer
USER_2156,B.Tech,Computer Science,8.407137613524919,Excellent,0,Advanced,2,3,Experienced,5,"{""has_research"": false, ""level"": ""None"", ""description"": ""No research experience""}",3,0,9,Software Developer
USER_2156,B.Sc,Computer Science,8.407137613524919,Excellent,0,Advanced,2,3,Experienced,5,"{""has_research"": false, ""level"": ""None"", ""description"": ""No research experience""}",3,0,9,Software Developer
USER_2164,B.Arch,Architecture,8.453083241156477,Excellent,1,Intermediate,2,0,Beginner,3,"{""has_research"": true, ""level"": ""Beginner"", ""description"": ""Basic research exposure""}",4,1,2,Graphic Designer
USER_2172,B.Tech,Electrical,9.83897756448841,Outstanding,0,Advanced,1,0,Beginner,1,"{""has_research"": true, ""level"": ""Beginner"", ""description"": ""Basic research exposure""}",8,0,8,Electrical Engineer
USER_2172,B.E.,Electrical,9.83897756448841,Outstanding,0,Advanced,1,0,Beginner,1,"{""has_research"": true, ""level"": ""Beginner"", ""description"": ""Basic research exposure""}",8,0,8,Electrical Engineer
USER_2173,B.Arch,Architecture,8.01113362269365,Excellent,1,Advanced,0,1,Beginner,2,"{""has_research"": true, ""level"": ""Beginner"", ""description"": ""Basic research exposure""}",4,1,4,Civil Engineer
USER_2278,B.Tech,Mechanical,6.998387092362233,Good,0,Intermediate,1,2,Intermediate,3,"{""has_research"": true, ""level"": ""Beginner"", ""description"": ""Basic research exposure""}",6,0,8,Chemical Engineer
USER_2278,B.E.,Mechanical,6.998387092362233,Good,0,Intermediate,1,2,Intermediate,3,"{""has_research"": true, ""level"": ""Beginner"", ""description"": ""Basic research exposure""}",6,0,8,Chemical Engineer
USER_2293,B.Tech,Computer Science,7.572831133184346,Very Good,0,Expert,2,3,Experienced,6,"{""has_research"": false, ""level"": ""None"", ""description"": ""No research experience""}",0,1,9,Software Developer
USER_2293,B.Sc,Computer Science,7.572831133184346,Very Good,0,Expert,2,3,Experienced,6,"{""has_research"": false, ""level"": ""None"", ""description"": ""No research experience""}",0,1,9,Software Developer
USER_2377,B.Tech,Computer Science,5.783884644997482,Average,0,Elementary,2,0,Beginner,3,"{""has_research"": false, ""level"": ""None"", ""description"": ""No research experience""}",7,1,7,Graphic Designer
USER_2377,B.Sc,Computer Science,5.783884644997482,Average,0,Elementary,2,0,Beginner,3,"{""has_research"": false, ""level"": ""None"", ""description"": ""No research experience""}",7,1,7,Graphic Designer
USER_2415,B.Tech,Information Technology,8.276798939224213,Excellent,1,Expert,1,4,Experienced,6,"{""has_research"": true, ""level"": ""Beginner"", ""description"": ""Basic research exposure""}",9,1,3,Web Developer
USER_2415,B.E.,Information Technology,8.276798939224213,Excellent,1,Expert,1,4,Experienced,6,"{""has_research"": true, ""level"": ""Beginner"", ""description"": ""Basic research exposure""}",9,1,3,Web Developer
USER_2451,B.Tech,Computer Science,8.6767003351507,Excellent,0,Beginner,2,2,Intermediate,5,"{""has_research"": true, ""level"": ""Beginner"", ""description"": ""Basic research exposure""}",3,1,0,Graphic Designer
USER_2451,B.Sc,Computer Science,8.6767003351507,Excellent,0,Beginner,2,2,Intermediate,5,"{""has_research"": true, ""level"": ""Beginner"", ""description"": ""Basic research exposure""}",3,1,0,Graphic Designer
USER_2532,B.Tech,Computer Science,9.416444545186645,Outstanding,1,Intermediate,1,3,Intermediate,5,"{""has_research"": false, ""level"": ""None"", ""description"": ""No research experience""}",4,1,3,Game Developer
USER_2532,B.E.,Computer Science,9.416444545186645,Outstanding,1,Intermediate,1,3,Intermediate,5,"{""has_research"": false, ""level"": ""None"", ""description"": ""No research experience""}",4,1,3,Game Developer
USER_2578,B.Tech,Mechanical,8.505288155707262,Excellent,0,Beginner,0,1,Beginner,1,"{""has_research"": false, ""level"": ""None"", ""description"": ""No research experience""}",5,0,6,Mechanical Engineer
USER_2578,B.E.,Mechanical,8.505288155707262,Excellent,0,Beginner,0,1,Beginner,1,"{""has_research"": false, ""level"": ""None"", ""description"": ""No research experience""}",5,0,6,Mechanical Engineer
USER_2579,B.Tech,Computer Science,7.601352092226,Very Good,0,Elementary,1,3,Intermediate,4,"{""has_research"": false, ""level"": ""None"", ""description"": ""No research experience""}",8,0,3,Software Developer
USER_2579,B.Sc,Computer Science,7.601352092226,Very Good,0,Elementary,1,3,Intermediate,4,"{""has_research"": false, ""level"": ""None"", ""description"": ""No research experience""}",8,0,3,Software Developer
USER_2589,B.Tech,Mechanical,7.283149807592814,Very Good,0,Beginner,1,0,Beginner,1,"{""has_research"": true, ""level"": ""Beginner"", ""description"": ""Basic research exposure""}",5,0,0,Aerospace Engineer
USER_2589,B.E.,Mechanical,7.283149807592814,Very Good,0,Beginner,1,0,Beginner,1,"{""has_research"": true, ""level"": ""Beginner"", ""description"": ""Basic research exposure""}",5,0,0,Aerospace Engineer
USER_2637,B.Tech,Mechanical,7.05483730993254,Very Good,0,Elementary,2,1,Intermediate,4,"{""has_research"": false, ""level"": ""None"", ""description"": ""No research experience""}",7,1,6,Mechanical Engineer
USER_2637,B.E.,Mechanical,7.05483730993254,Very Good,0,Elementary,2,1,Intermediate,4,"{""has_research"": false, ""level"": ""None"", ""description"": ""No research experience""}",7,1,6,Mechanical Engineer
USER_2654,B.Tech,AI/ML,9.10130409403488,Outstanding,0,Advanced,2,2,Intermediate,5,"{""has_research"": false, ""level"": ""None"", ""description"": ""No research experience""}",8,1,0,AI Researcher
USER_2654,B.E.,AI/ML,9.10130409403488,Outstanding,0,Advanced,2,2,Intermediate,5,"{""has_research"": false, ""level"": ""None"", ""description"": ""No research experience""}",8,1,0,AI Researcher
USER_2677,B.Arch,Architecture,8.435784598337202,Excellent,1,Beginner,1,1,Beginner,2,"{""has_research"": false, ""level"": ""None"", ""description"": ""No research experience""}",8,0,8,Civil Engineer
USER_2680,B.Arch,Architecture,7.719774391369025,Very Good,1,Elementary,2,2,Intermediate,4,"{""has_research"": true, ""level"": ""Beginner"", ""description"": ""Basic research exposure""}",8,0,0,Civil Engineer
USER_2709,B.Tech,Mechanical,8.343075450681663,Excellent,0,Beginner,2,3,Experienced,6,"{""has_research"": false, ""level"": ""None"", ""description"": ""No research experience""}",0,1,5,Mechanical Engineer
USER_2709,B.E.,Mechanical,8.343075450681663,Excellent,0,Beginner,2,3,Experienced,6,"{""has_research"": false, ""level"": ""None"", ""description"": ""No research experience""}",0,1,5,Mechanical Engineer
USER_2744,B.Tech,Electronics,5.002902735132022,Average,1,Expert,0,2,Beginner,2,"{""has_research"": true, ""level"": ""Beginner"", ""description"": ""Basic research exposure""}",9,0,9,Graphic Designer
USER_2744,B.E.,Electronics,5.002902735132022,Average,1,Expert,0,2,Beginner,2,"{""has_research"": true, ""level"": ""Beginner"", ""description"": ""Basic research exposure""}",9,0,9,Graphic Designer
USER_2818,B.Tech,Mechanical,7.923615227909866,Very Good,0,Elementary,1,4,Experienced,5,"{""has_research"": true, ""level"": ""Beginner"", ""description"": ""Basic research exposure""}",8,0,6,Chemical Engineer
USER_2818,B.E.,Mechanical,7.923615227909866,Very Good,0,Elementary,1,4,Experienced,5,"{""has_research"": true, ""level"": ""Beginner"", ""description"": ""Basic research exposure""}",8,0,6,Chemical Engineer
USER_2835,B.Arch,Architecture,9.356681872094985,Outstanding,0,Expert,1,4,Experienced,6,"{""has_research"": false, ""level"": ""None"", ""description"": ""No research experience""}",9,1,6,Civil Engineer
USER_2848,B.Tech,Computer Science,5.807897772401548,Average,0,Elementary,2,2,Intermediate,5,"{""has_research"": false, ""level"": ""None"", ""description"": ""No research experience""}",5,1,2,Data Scientist
USER_2848,B.Sc,Computer Science,5.807897772401548,Average,0,Elementary,2,2,Intermediate,5,"{""has_research"": false, ""level"": ""None"", ""description"": ""No research experience""}",5,1,2,Data Scientist
USER_2922,B.Tech,Computer Science,5.049145192649675,Average,0,Advanced,0,3,Intermediate,3,"{""has_research"": false, ""level"": ""None"", ""description"": ""No research experience""}",9,0,9,Software Developer
USER_2922,B.Sc,Computer Science,5.049145192649675,Average,0,Advanced,0,3,Intermediate,3,"{""has_research"": false, ""level"": ""None"", ""description"": ""No research experience""}",9,0,9,Software Developer
USER_2963,B.Tech,Computer Science,5.358473049767544,Average,0,Elementary,1,4,Experienced,5,"{""has_research"": false, ""level"": ""None"", ""description"": ""No research experience""}",9,0,7,Software Developer
USER_2963,B.Sc,Computer Science,5.358473049767544,Average,0,Elementary,1,4,Experienced,5,"{""has_research"": false, ""level"": ""None"", ""description"": ""No research experience""}",9,0,7,Software Developer
USER_2982,B.Arch,Architecture,7.229406082089193,Very Good,0,Elementary,0,4,Intermediate,5,"{""has_research"": true, ""level"": ""Beginner"", ""description"": ""Basic research exposure""}",5,1,5,Civil Engineer
USER_3039,B.Tech,Computer Science,6.546224858710314,Good,0,Beginner,1,2,Intermediate,4,"{""has_research"": true, ""level"": ""Beginner"", ""description"": ""Basic research exposure""}",5,1,4,AI Researcher
USER_3039,B.Sc,Computer Science,6.546224858710314,Good,0,Beginner,1,2,Intermediate,4,"{""has_research"": true, ""level"": ""Beginner"", ""description"": ""Basic research exposure""}",5,1,4,AI Researcher
USER_3047,B.Arch,Architecture,9.053585803496754,Outstanding,0,Elementary,1,4,Experienced,5,"{""has_research"": true, ""level"": ""Beginner"", ""description"": ""Basic research exposure""}",0,0,1,Civil Engineer
USER_3059,B.Tech,Mechanical,6.637024462454795,Good,1,Intermediate,2,0,Beginner,3,"{""has_research"": true, ""level"": ""Beginner"", ""description"": ""Basic research exposure""}",0,1,0,Chemical Engineer
USER_3059,B.E.,Mechanical,6.637024462454795,Good,1,Intermediate,2,0,Beginner,3,"{""has_research"": true, ""level"": ""Beginner"", ""description"": ""Basic research exposure""}",0,1,0,Chemical Engineer
USER_3193,B.Arch,Architecture,9.748919535554974,Outstanding,1,Advanced,1,1,Beginner,3,"{""has_research"": false, ""level"": ""None"", ""description"": ""No research experience""}",3,1,0,Civil Engineer
USER_3196,B.Tech,Computer Science,8.210871527298321,Excellent,0,Advanced,0,3,Intermediate,3,"{""has_research"": true, ""level"": ""Beginner"", ""description"": ""Basic research exposure""}",3,0,1,Software Developer
USER_3196,B.Sc,Computer Science,8.210871527298321,Excellent,0,Advanced,0,3,Intermediate,3,"{""has_research"": true, ""level"": ""Beginner"", ""description"": ""Basic research exposure""}",3,0,1,Software Developer
USER_3207,B.Arch,Architecture,8.9710175444413,Excellent,1,Advanced,1,1,Beginner,3,"{""has_research"": true, ""level"": ""Beginner"", ""description"": ""Basic research exposure""}",8,1,7,Graphic Designer
USER_3209,B.Arch,Architecture,7.115516075709193,Very Good,0,Beginner,0,3,Intermediate,4,"{""has_research"": false, ""level"": ""None"", ""description"": ""No research experience""}",1,1,1,Civil Engineer
USER_3252,B.Tech,Computer Science,9.707109325603618,Outstanding,0,Advanced,1,2,Intermediate,4,"{""has_research"": true, ""level"": ""Beginner"", ""description"": ""Basic research exposure""}",6,1,3,Software Developer
USER_3252,B.Sc,Computer Science,9.707109325603618,Outstanding,0,Advanced,1,2,Intermediate,4,"{""has_research"": true, ""level"": ""Beginner"", ""description"": ""Basic research exposure""}",6,1,3,Software Developer
USER_3334,B.Tech,Computer Science,6.786663004172277,Good,0,Intermediate,1,2,Intermediate,4,"{""has_research"": false, ""level"": ""None"", ""description"": ""No research experience""}",9,1,0,Data Scientist
USER_3334,B.Sc,Computer Science,6.786663004172277,Good,0,Intermediate,1,2,Intermediate,4,"{""has_research"": false, ""level"": ""None"", ""description"": ""No research experience""}",9,1,0,Data Scientist
USER_3336,B.Tech,Mechanical,5.442367956498813,Average,0,Beginner,0,3,Intermediate,4,"{""has_research"": false, ""level"": ""None"", ""description"": ""No research experience""}",5,1,5,Mechanical Engineer
USER_3336,B.E.,Mechanical,5.442367956498813,Average,0,Beginner,0,3,Intermediate,4,"{""has_research"": false, ""level"": ""None"", ""description"": ""No research experience""}",5,1,5,Mechanical Engineer
USER_3358,B.Tech,Computer Science,7.763205905586506,Very Good,1,Advanced,0,2,Beginner,2,"{""has_research"": false, ""level"": ""None"", ""description"": ""No research experience""}",8,0,8,Data Scientist
USER_3358,B.E.,Computer Science,7.763205905586506,Very Good,1,Advanced,0,2,Beginner,2,"{""has_research"": false, ""level"": ""None"", ""description"": ""No research experience""}",8,0,8,Data Scientist
USER_3375,B.Tech,AI/ML,5.725188826771629,Average,0,Intermediate,0,4,Intermediate,5,"{""has_research"": false, ""level"": ""None"", ""description"": ""No research experience""}",9,1,9,AI Researcher
USER_3375,B.E.,AI/ML,5.725188826771629,Average,0,Intermediate,0,4,Intermediate,5,"{""has_research"": false, ""level"": ""None"", ""description"": ""No research experience""}",9,1,9,AI Researcher
USER_3438,B.Tech,Computer Science,8.03445076938106,Excellent,0,Expert,2,1,Intermediate,4,"{""has_research"": false, ""level"": ""None"", ""description"": ""No research experience""}",6,1,4,AI Researcher
USER_3438,B.Sc,Computer Science,8.03445076938106,Excellent,0,Expert,2,1,Intermediate,4,"{""has_research"": false, ""level"": ""None"", ""description"": ""No research experience""}",6,1,4,AI Researcher
USER_3535,B.Tech,Mechanical,7.260096094186458,Very Good,1,Expert,0,0,No Experience,0,"{""has_research"": false, ""level"": ""None"", ""description"": ""No research experience""}",3,0,1,Mechanical Engineer
USER_3535,B.E.,Mechanical,7.260096094186458,Very Good,1,Expert,0,0,No Experience,0,"{""has_research"": false, ""level"": ""None"", ""description"": ""No research experience""}",3,0,1,Mechanical Engineer
USER_3556,B.Tech,Computer Science,6.06027237364416,Good,0,Beginner,1,4,Experienced,6,"{""has_research"": true, ""level"": ""Beginner"", ""description"": ""Basic research exposure""}",5,1,5,Software Developer
USER_3556,B.Sc,Computer Science,6.06027237364416,Good,0,Beginner,1,4,Experienced,6,"{""has_research"": true, ""level"": ""Beginner"", ""description"": ""Basic research exposure""}",5,1,5,Software Developer
USER_3568,B.Tech,Computer Science,6.115087304114764,Good,0,Beginner,0,4,Intermediate,4,"{""has_research"": true, ""level"": ""Beginner"", ""description"": ""Basic research exposure""}",8,0,7,Graphic Designer
USER_3568,B.Sc,Computer Science,6.115087304114764,Good,0,Beginner,0,4,Intermediate,4,"{""has_research"": true, ""level"": ""Beginner"", ""description"": ""Basic research exposure""}",8,0,7,Graphic Designer
USER_3570,B.Tech,Computer Science,5.084256682749039,Average,1,Elementary,2,3,Experienced,5,"{""has_research"": false, ""level"": ""None"", ""description"": ""No research experience""}",1,0,1,Software Developer
USER_3570,B.Sc,Computer Science,5.084256682749039,Average,1,Elementary,2,3,Experienced,5,"{""has_research"": false, ""level"": ""None"", ""description"": ""No research experience""}",1,0,1,Software Developer
USER_3601,B.Tech,Computer Science,8.089807302792009,Excellent,1,Elementary,1,3,Intermediate,4,"{""has_research"": true, ""level"": ""Beginner"", ""description"": ""Basic research exposure""}",2,0,3,Software Developer
USER_3601,B.Sc,Computer Science,8.089807302792009,Excellent,1,Elementary,1,3,Intermediate,4,"{""has_research"": true, ""level"": ""Beginner"", ""description"": ""Basic research exposure""}",2,0,3,Software Developer
USER_3615,B.Tech,Mechanical,6.108765503842464,Good,0,Elementary,0,2,Beginner,2,"{""has_research"": true, ""level"": ""Beginner"", ""description"": ""Basic research exposure""}",4,0,9,Mechanical Engineer
USER_3615,B.E.,Mechanical,6.108765503842464,Good,0,Elementary,0,2,Beginner,2,"{""has_research"": true, ""level"": ""Beginner"", ""description"": ""Basic research exposure""}",4,0,9,Mechanical Engineer
USER_3632,B.Tech,Computer Science,8.356788828130105,Excellent,1,Beginner,0,4,Intermediate,5,"{""has_research"": true, ""level"": ""Beginner"", ""description"": ""Basic research exposure""}",7,1,1,Data Scientist
USER_3632,B.Sc,Computer Science,8.356788828130105,Excellent,1,Beginner,0,4,Intermediate,5,"{""has_research"": true, ""level"": ""Beginner"", ""description"": ""Basic research exposure""}",7,1,1,Data Scientist
USER_3655,B.Tech,Mechanical,7.173070844377892,Very Good,0,Intermediate,2,0,Beginner,3,"{""has_research"": false, ""level"": ""None"", ""description"": ""No research experience""}",5,1,4,Chemical Engineer
USER_3655,B.E.,Mechanical,7.173070844377892,Very Good,0,Intermediate,2,0,Beginner,3,"{""has_research"": false, ""level"": ""None"", ""description"": ""No research experience""}",5,1,4,Chemical Engineer
USER_3690,B.Tech,Mechanical,9.018940407168325,Outstanding,0,Beginner,0,3,Intermediate,4,"{""has_research"": true, ""level"": ""Beginner"", ""description"": ""Basic research exposure""}",3,1,4,Mechanical Engineer
USER_3690,B.E.,Mechanical,9.018940407168325,Outstanding,0,Beginner,0,3,Intermediate,4,"{""has_research"": true, ""level"": ""Beginner"", ""description"": ""Basic research exposure""}",3,1,4,Mechanical Engineer
USER_3732,B.Tech,Computer Science,7.961271608939496,Very Good,0,Advanced,2,3,Experienced,5,"{""has_research"": false, ""level"": ""None"", ""description"": ""No research experience""}",3,0,5,Game Developer
USER_3732,B.Sc,Computer Science,7.961271608939496,Very Good,0,Advanced,2,3,Experienced,5,"{""has_research"": false, ""level"": ""None"", ""description"": ""No research experience""}",3,0,5,Game Developer
USER_3911,B.Tech,Cybersecurity,7.971614579337594,Very Good,0,Expert,2,2,Intermediate,4,"{""has_research"": true, ""level"": ""Beginner"", ""description"": ""Basic research exposure""}",8,0,5,Cybersecurity Analyst
USER_3911,B.E.,Cybersecurity,7.971614579337594,Very Good,0,Expert,2,2,Intermediate,4,"{""has_research"": true, ""level"": ""Beginner"", ""description"": ""Basic research exposure""}",8,0,5,Cybersecurity Analyst
USER_3944,B.Arch,Architecture,7.625217187956186,Very Good,0,Advanced,1,4,Experienced,6,"{""has_research"": true, ""level"": ""Beginner"", ""description"": ""Basic research exposure""}",2,1,9,Civil Engineer
USER_4017,B.Tech,Mechanical,9.555483584896944,Outstanding,1,Beginner,2,2,Intermediate,4,"{""has_research"": true, ""level"": ""Beginner"", ""description"": ""Basic research exposure""}",7,0,5,Mechanical Engineer
USER_4017,B.E.,Mechanical,9.555483584896944,Outstanding,1,Beginner,2,2,Intermediate,4,"{""has_research"": true, ""level"": ""Beginner"", ""description"": ""Basic research exposure""}",7,0,5,Mechanical Engineer
USER_4019,B.Arch,Architecture,9.680321294821148,Outstanding,0,Expert,2,0,Beginner,3,"{""has_research"": true, ""level"": ""Beginner"", ""description"": ""Basic research exposure""}",4,1,5,Civil Engineer
USER_4124,B.Tech,Civil,8.388123123729518,Excellent,1,Elementary,1,4,Experienced,6,"{""has_research"": true, ""level"": ""Beginner"", ""description"": ""Basic research exposure""}",0,1,9,Civil Engineer
USER_4124,B.E.,Civil,8.388123123729518,Excellent,1,Elementary,1,4,Experienced,6,"{""has_research"": true, ""level"": ""Beginner"", ""description"": ""Basic research exposure""}",0,1,9,Civil Engineer
USER_4127,B.Tech,Electronics,5.183046552607523,Average,1,Expert,2,0,Beginner,2,"{""has_research"": true, ""level"": ""Beginner"", ""description"": ""Basic research exposure""}",7,0,1,Graphic Designer
USER_4127,B.E.,Electronics,5.183046552607523,Average,1,Expert,2,0,Beginner,2,"{""has_research"": true, ""level"": ""Beginner"", ""description"": ""Basic research exposure""}",7,0,1,Graphic Designer
USER_4263,B.Tech,Computer Science,9.551291073779982,Outstanding,1,Intermediate,0,0,No Experience,1,"{""has_research"": true, ""level"": ""Beginner"", ""description"": ""Basic research exposure""}",2,1,5,Data Scientist
USER_4263,B.Sc,Computer Science,9.551291073779982,Outstanding,1,Intermediate,0,0,No Experience,1,"{""has_research"": true, ""level"": ""Beginner"", ""description"": ""Basic research exposure""}",2,1,5,Data Scientist
USER_4271,B.Tech,Electrical,5.72642872172016,Average,0,Expert,0,1,Beginner,1,"{""has_research"": true, ""level"": ""Beginner"", ""description"": ""Basic research exposure""}",6,0,9,Electrical Engineer
USER_4271,B.E.,Electrical,5.72642872172016,Average,0,Expert,0,1,Beginner,1,"{""has_research"": true, ""level"": ""Beginner"", ""description"": ""Basic research exposure""}",6,0,9,Electrical Engineer
USER_4340,B.Tech,Computer Science,9.435436517841476,Outstanding,0,Advanced,0,2,Beginner,2,"{""has_research"": false, ""level"": ""None"", ""description"": ""No research experience""}",4,0,1,Software Developer
USER_4340,B.Sc,Computer Science,9.435436517841476,Outstanding,0,Advanced,0,2,Beginner,2,"{""has_research"": false, ""level"": ""None"", ""description"": ""No research experience""}",4,0,1,Software Developer
USER_4349,B.Arch,Architecture,8.389955800893436,Excellent,0,Beginner,2,4,Experienced,7,"{""has_research"": true, ""level"": ""Beginner"", ""description"": ""Basic research exposure""}",9,1,7,Civil Engineer
USER_4417,B.Arch,Architecture,6.44109098930678,Good,0,Expert,1,1,Beginner,2,"{""has_research"": true, ""level"": ""Beginner"", ""description"": ""Basic research exposure""}",4,0,9,Civil Engineer
USER_4524,B.Arch,Architecture,9.759667216129197,Outstanding,0,Elementary,2,1,Intermediate,4,"{""has_research"": true, ""level"": ""Beginner"", ""description"": ""Basic research exposure""}",4,1,2,Civil Engineer
USER_4531,B.Arch,Architecture,7.713464492760122,Very Good,0,Advanced,0,2,Beginner,2,"{""has_research"": false, ""level"": ""None"", ""description"": ""No research experience""}",1,0,3,Civil Engineer
USER_4631,B.Tech,Information Technology,8.657466822623437,Excellent,0,Expert,0,2,Beginner,2,"{""has_research"": false, ""level"": ""None"", ""description"": ""No research experience""}",6,0,8,Software Developer
USER_4631,B.E.,Information Technology,8.657466822623437,Excellent,0,Expert,0,2,Beginner,2,"{""has_research"": false, ""level"": ""None"", ""description"": ""No research experience""}",6,0,8,Software Developer
USER_4733,B.Arch,Architecture,7.164755962945536,Very Good,0,Expert,1,2,Intermediate,3,"{""has_research"": true, ""level"": ""Beginner"", ""description"": ""Basic research exposure""}",2,0,1,Civil Engineer
USER_4801,B.Arch,Architecture,8.716144513871233,Excellent,0,Intermediate,1,0,Beginner,2,"{""has_research"": false, ""level"": ""None"", ""description"": ""No research experience""}",7,1,4,Civil Engineer
USER_4864,B.Tech,Electrical,7.535759904286115,Very Good,0,Advanced,1,3,Intermediate,5,"{""has_research"": true, ""level"": ""Beginner"", ""description"": ""Basic research exposure""}",9,1,7,Electrical Engineer
USER_4864,B.E.,Electrical,7.535759904286115,Very Good,0,Advanced,1,3,Intermediate,5,"{""has_research"": true, ""level"": ""Beginner"", ""description"": ""Basic research exposure""}",9,1,7,Electrical Engineer
USER_4894,B.Arch,Architecture,7.641095311274984,Very Good,0,Advanced,0,0,No Experience,1,"{""has_research"": true, ""level"": ""Beginner"", ""description"": ""Basic research exposure""}",6,1,8,Civil Engineer
USER_4913,B.Tech,Information Technology,9.002086397807815,Outstanding,0,Expert,1,4,Experienced,6,"{""has_research"": false, ""level"": ""None"", ""description"": ""No research experience""}",2,1,9,Software Developer
USER_4913,B.E.,Information Technology,9.002086397807815,Outstanding,0,Expert,1,4,Experienced,6,"{""has_research"": false, ""level"": ""None"", ""description"": ""No research experience""}",2,1,9,Software Developer
USER_4921,B.Tech,Mechanical,9.647020914669396,Outstanding,0,Elementary,2,0,Beginner,3,"{""has_research"": false, ""level"": ""None"", ""description"": ""No research experience""}",9,1,5,Chemical Engineer
USER_4921,B.E.,Mechanical,9.647020914669396,Outstanding,0,Elementary,2,0,Beginner,3,"{""has_research"": false, ""level"": ""None"", ""description"": ""No research experience""}",9,1,5,Chemical Engineer
USER_5002,B.Tech,Electrical,5.624786232767688,Average,0,Beginner,0,2,Beginner,3,"{""has_research"": true, ""level"": ""Beginner"", ""description"": ""Basic research exposure""}",8,1,5,Electrical Engineer
USER_5002,B.E.,Electrical,5.624786232767688,Average,0,Beginner,0,2,Beginner,3,"{""has_research"": true, ""level"": ""Beginner"", ""description"": ""Basic research exposure""}",8,1,5,Electrical Engineer
USER_5009,B.Tech,Computer Science,7.421728613869164,Very Good,0,Beginner,1,0,Beginner,2,"{""has_research"": true, ""level"": ""Beginner"", ""description"": ""Basic research exposure""}",3,1,2,Graphic Designer
USER_5009,B.Sc,Computer Science,7.421728613869164,Very Good,0,Beginner,1,0,Beginner,2,"{""has_research"": true, ""level"": ""Beginner"", ""description"": ""Basic research exposure""}",3,1,2,Graphic Designer
USER_5077,B.Tech,Computer Science,9.6745422955527,Outstanding,0,Advanced,0,0,No Experience,0,"{""has_research"": false, ""level"": ""None"", ""description"": ""No research experience""}",4,0,4,AI Researcher
USER_5077,B.Sc,Computer Science,9.6745422955527,Outstanding,0,Advanced,0,0,No Experience,0,"{""has_research"": false, ""level"": ""None"", ""description"": ""No research experience""}",4,0,4,AI Researcher
USER_5133,B.Tech,Computer Science,7.096279639499016,Very Good,0,Beginner,2,4,Experienced,7,"{""has_research"": false, ""level"": ""None"", ""description"": ""No research experience""}",0,1,2,Game Developer
USER_5133,B.Sc,Computer Science,7.096279639499016,Very Good,0,Beginner,2,4,Experienced,7,"{""has_research"": false, ""level"": ""None"", ""description"": ""No research experience""}",0,1,2,Game Developer
USER_5146,B.Arch,Architecture,7.160112604034384,Very Good,1,Intermediate,1,2,Intermediate,4,"{""has_research"": false, ""level"": ""None"", ""description"": ""No research experience""}",0,1,1,Civil Engineer
USER_5151,B.Tech,Computer Science,8.92559614132787,Excellent,1,Elementary,1,3,Intermediate,4,"{""has_research"": true, ""level"": ""Beginner"", ""description"": ""Basic research exposure""}",0,0,6,Software Developer
USER_5151,B.Sc,Computer Science,8.92559614132787,Excellent,1,Elementary,1,3,Intermediate,4,"{""has_research"": true, ""level"": ""Beginner"", ""description"": ""Basic research exposure""}",0,0,6,Software Developer
USER_5162,B.Tech,Mechanical,9.720456585931318,Outstanding,1,Beginner,1,2,Intermediate,4,"{""has_research"": true, ""level"": ""Beginner"", ""description"": ""Basic research exposure""}",0,1,8,Aerospace Engineer
USER_5162,B.E.,Mechanical,9.720456585931318,Outstanding,1,Beginner,1,2,Intermediate,4,"{""has_research"": true, ""level"": ""Beginner"", ""description"": ""Basic research exposure""}",0,1,8,Aerospace Engineer
USER_5199,B.Arch,Architecture,8.003093894140328,Excellent,1,Elementary,2,3,Experienced,5,"{""has_research"": false, ""level"": ""None"", ""description"": ""No research experience""}",6,0,2,Civil Engineer
USER_5237,B.Tech,Computer Science,6.284732545256752,Good,1,Beginner,2,1,Intermediate,4,"{""has_research"": true, ""level"": ""Beginner"", ""description"": ""Basic research exposure""}",1,1,7,Graphic Designer
USER_5237,B.Sc,Computer Science,6.284732545256752,Good,1,Beginner,2,1,Intermediate,4,"{""has_research"": true, ""level"": ""Beginner"", ""description"": ""Basic research exposure""}",1,1,7,Graphic Designer
USER_5238,B.Tech,Computer Science,8.75254080554301,Excellent,0,Intermediate,2,1,Intermediate,4,"{""has_research"": true, ""level"": ""Beginner"", ""description"": ""Basic research exposure""}",0,1,3,Cybersecurity Analyst
USER_5238,B.Sc,Computer Science,8.75254080554301,Excellent,0,Intermediate,2,1,Intermediate,4,"{""has_research"": true, ""level"": ""Beginner"", ""description"": ""Basic research exposure""}",0,1,3,Cybersecurity Analyst
USER_5241,B.Tech,Computer Science,8.908764300425926,Excellent,1,Beginner,2,0,Beginner,3,"{""has_research"": false, ""level"": ""None"", ""description"": ""No research experience""}",0,1,0,Graphic Designer
USER_5241,B.Sc,Computer Science,8.908764300425926,Excellent,1,Beginner,2,0,Beginner,3,"{""has_research"": false, ""level"": ""None"", ""description"": ""No research experience""}",0,1,0,Graphic Designer
USER_5249,B.Tech,Computer Science,5.794709537040632,Average,0,Beginner,1,0,Beginner,1,"{""has_research"": true, ""level"": ""Beginner"", ""description"": ""Basic research exposure""}",7,0,8,Graphic Designer
USER_5249,B.Sc,Computer Science,5.794709537040632,Average,0,Beginner,1,0,Beginner,1,"{""has_research"": true, ""level"": ""Beginner"", ""description"": ""Basic research exposure""}",7,0,8,Graphic Designer
USER_5252,B.Tech,AI/ML,8.93424444106683,Excellent,0,Advanced,0,3,Intermediate,4,"{""has_research"": true, ""level"": ""Beginner"", ""description"": ""Basic research exposure""}",1,1,0,AI Researcher
USER_5252,B.E.,AI/ML,8.93424444106683,Excellent,0,Advanced,0,3,Intermediate,4,"{""has_research"": true, ""level"": ""Beginner"", ""description"": ""Basic research exposure""}",1,1,0,AI Researcher
USER_5277,B.Tech,Mechanical,9.708448250708056,Outstanding,0,Advanced,0,0,No Experience,1,"{""has_research"": true, ""level"": ""Beginner"", ""description"": ""Basic research exposure""}",0,1,1,Aerospace Engineer
USER_5277,B.E.,Mechanical,9.708448250708056,Outstanding,0,Advanced,0,0,No Experience,1,"{""has_research"": true, ""level"": ""Beginner"", ""description"": ""Basic research exposure""}",0,1,1,Aerospace Engineer
USER_5349,B.Arch,Architecture,9.14079855283458,Outstanding,1,Beginner,1,3,Intermediate,5,"{""has_research"": true, ""level"": ""Beginner"", ""description"": ""Basic research exposure""}",9,1,2,Graphic Designer
USER_5379,B.Arch,Architecture,5.591456563387388,Average,0,Expert,0,4,Intermediate,5,"{""has_research"": true, ""level"": ""Beginner"", ""description"": ""Basic research exposure""}",6,1,6,Civil Engineer
USER_5381,B.Arch,Architecture,8.247372207865425,Excellent,0,Elementary,2,4,Experienced,6,"{""has_research"": false, ""level"": ""None"", ""description"": ""No research experience""}",8,0,1,Civil Engineer
USER_5388,B.Arch,Architecture,5.387731433058354,Average,0,Expert,1,2,Intermediate,3,"{""has_research"": true, ""level"": ""Beginner"", ""description"": ""Basic research exposure""}",9,0,0,Civil Engineer
USER_5511,B.Tech,Computer Science,5.580647376026881,Average,1,Beginner,1,3,Intermediate,4,"{""has_research"": true, ""level"": ""Beginner"", ""description"": ""Basic research exposure""}",2,0,8,Software Developer
USER_5511,B.Sc,Computer Science,5.580647376026881,Average,1,Beginner,1,3,Intermediate,4,"{""has_research"": true, ""level"": ""Beginner"", ""description"": ""Basic research exposure""}",2,0,8,Software Developer
USER_5572,B.Tech,Computer Science,9.0363222708235,Outstanding,1,Beginner,2,2,Intermediate,4,"{""has_research"": true, ""level"": ""Beginner"", ""description"": ""Basic research exposure""}",7,0,3,Game Developer
USER_5572,B.Sc,Computer Science,9.0363222708235,Outstanding,1,Beginner,2,2,Intermediate,4,"{""has_research"": true, ""level"": ""Beginner"", ""description"": ""Basic research exposure""}",7,0,3,Game Developer
USER_5604,B.Tech,Computer Science,7.319460608511072,Very Good,1,Elementary,0,1,Beginner,2,"{""has_research"": false, ""level"": ""None"", ""description"": ""No research experience""}",4,1,3,Graphic Designer
USER_5604,B.Sc,Computer Science,7.319460608511072,Very Good,1,Elementary,0,1,Beginner,2,"{""has_research"": false, ""level"": ""None"", ""description"": ""No research experience""}",4,1,3,Graphic Designer
USER_5640,B.Tech,Mechanical,6.732048964623632,Good,1,Intermediate,2,2,Intermediate,4,"{""has_research"": true, ""level"": ""Beginner"", ""description"": ""Basic research exposure""}",6,0,7,Mechanical Engineer
USER_5640,B.E.,Mechanical,6.732048964623632,Good,1,Intermediate,2,2,Intermediate,4,"{""has_research"": true, ""level"": ""Beginner"", ""description"": ""Basic research exposure""}",6,0,7,Mechanical Engineer
USER_5724,B.Tech,Mechanical,5.45396214741812,Average,1,Expert,2,3,Experienced,5,"{""has_research"": false, ""level"": ""None"", ""description"": ""No research experience""}",8,0,4,Mechanical Engineer
USER_5724,B.E.,Mechanical,5.45396214741812,Average,1,Expert,2,3,Experienced,5,"{""has_research"": false, ""level"": ""None"", ""description"": ""No research experience""}",8,0,4,Mechanical Engineer
USER_5801,B.Arch,Architecture,8.5127753326754,Excellent,1,Elementary,1,2,Intermediate,3,"{""has_research"": false, ""level"": ""None"", ""description"": ""No research experience""}",1,0,9,Civil Engineer
USER_5821,B.Tech,Mechanical,8.933538652648432,Excellent,1,Elementary,2,1,Intermediate,4,"{""has_research"": true, ""level"": ""Beginner"", ""description"": ""Basic research exposure""}",7,1,7,Mechanical Engineer
USER_5821,B.E.,Mechanical,8.933538652648432,Excellent,1,Elementary,2,1,Intermediate,4,"{""has_research"": true, ""level"": ""Beginner"", ""description"": ""Basic research exposure""}",7,1,7,Mechanical Engineer
USER_5968,B.Arch,Architecture,8.411101973554308,Excellent,1,Intermediate,1,0,Beginner,1,"{""has_research"": false, ""level"": ""None"", ""description"": ""No research experience""}",7,0,4,Civil Engineer
USER_5998,B.Tech,Computer Science,7.8606648197380835,Very Good,1,Advanced,1,1,Beginner,3,"{""has_research"": true, ""level"": ""Beginner"", ""description"": ""Basic research exposure""}",0,1,5,Game Developer
USER_5998,B.E.,Computer Science,7.8606648197380835,Very Good,1,Advanced,1,1,Beginner,3,"{""has_research"": true, ""level"": ""Beginner"", ""description"": ""Basic research exposure""}",0,1,5,Game Developer
USER_6043,B.Arch,Architecture,7.793383978288739,Very Good,1,Beginner,0,2,Beginner,2,"{""has_research"": true, ""level"": ""Beginner"", ""description"": ""Basic research exposure""}",2,0,3,Civil Engineer
USER_6053,B.Tech,Mechanical,5.185809931439083,Average,1,Beginner,1,0,Beginner,1,"{""has_research"": true, ""level"": ""Beginner"", ""description"": ""Basic research exposure""}",3,0,5,Mechanical Engineer
USER_6053,B.E.,Mechanical,5.185809931439083,Average,1,Beginner,1,0,Beginner,1,"{""has_research"": true, ""level"": ""Beginner"", ""description"": ""Basic research exposure""}",3,0,5,Mechanical Engineer
USER_6079,B.Tech,AI/ML,7.642191433094815,Very Good,1,Expert,1,4,Experienced,6,"{""has_research"": true, ""level"": ""Beginner"", ""description"": ""Basic research exposure""}",7,1,5,AI Researcher
USER_6079,B.E.,AI/ML,7.642191433094815,Very Good,1,Expert,1,4,Experienced,6,"{""has_research"": true, ""level"": ""Beginner"", ""description"": ""Basic research exposure""}",7,1,5,AI Researcher
USER_6174,B.Arch,Architecture,5.1945442933819965,Average,0,Beginner,1,0,Beginner,1,"{""has_research"": false, ""level"": ""None"", ""description"": ""No research experience""}",7,0,1,Civil Engineer
USER_6183,B.Tech,Computer Science,9.837448822698692,Outstanding,0,Intermediate,2,3,Experienced,5,"{""has_research"": true, ""level"": ""Beginner"", ""description"": ""Basic research exposure""}",1,0,7,Data Scientist
USER_6183,B.E.,Computer Science,9.837448822698692,Outstanding,0,Intermediate,2,3,Experienced,5,"{""has_research"": true, ""level"": ""Beginner"", ""description"": ""Basic research exposure""}",1,0,7,Data Scientist
USER_6193,B.Arch,Architecture,9.998547124450027,Outstanding,0,Intermediate,1,2,Intermediate,4,"{""has_research"": false, ""level"": ""None"", ""description"": ""No research experience""}",6,1,6,Civil Engineer
USER_6241,B.Tech,Information Technology,9.100919775911176,Outstanding,1,Expert,1,2,Intermediate,3,"{""has_research"": false, ""level"": ""None"", ""description"": ""No research experience""}",6,0,4,Software Developer
USER_6241,B.E.,Information Technology,9.100919775911176,Outstanding,1,Expert,1,2,Intermediate,3,"{""has_research"": false, ""level"": ""None"", ""description"": ""No research experience""}",6,0,4,Software Developer
USER_6253,B.Arch,Architecture,8.963031253503235,Excellent,0,Elementary,0,3,Intermediate,4,"{""has_research"": true, ""level"": ""Beginner"", ""description"": ""Basic research exposure""}",6,1,2,Civil Engineer
USER_6293,B.Tech,Computer Science,5.876561697314504,Average,1,Intermediate,0,4,Intermediate,4,"{""has_research"": true, ""level"": ""Beginner"", ""description"": ""Basic research exposure""}",1,0,0,Cybersecurity Analyst
USER_6293,B.Sc,Computer Science,5.876561697314504,Average,1,Intermediate,0,4,Intermediate,4,"{""has_research"": true, ""level"": ""Beginner"", ""description"": ""Basic research exposure""}",1,0,0,Cybersecurity Analyst
USER_6304,B.Tech,Computer Science,6.083352941111359,Good,1,Intermediate,1,1,Beginner,3,"{""has_research"": true, ""level"": ""Beginner"", ""description"": ""Basic research exposure""}",6,1,5,Data Scientist
USER_6304,B.Sc,Computer Science,6.083352941111359,Good,1,Intermediate,1,1,Beginner,3,"{""has_research"": true, ""level"": ""Beginner"", ""description"": ""Basic research exposure""}",6,1,5,Data Scientist
USER_6322,B.Tech,Mechanical,6.571798615120428,Good,1,Beginner,0,2,Beginner,3,"{""has_research"": false, ""level"": ""None"", ""description"": ""No research experience""}",1,1,5,Aerospace Engineer
USER_6322,B.E.,Mechanical,6.571798615120428,Good,1,Beginner,0,2,Beginner,3,"{""has_research"": false, ""level"": ""None"", ""description"": ""No research experience""}",1,1,5,Aerospace Engineer
USER_6330,B.Tech,Mechanical,8.888639074767607,Excellent,1,Advanced,0,3,Intermediate,4,"{""has_research"": false, ""level"": ""None"", ""description"": ""No research experience""}",6,1,7,Aerospace Engineer
USER_6330,B.E.,Mechanical,8.888639074767607,Excellent,1,Advanced,0,3,Intermediate,4,"{""has_research"": false, ""level"": ""None"", ""description"": ""No research experience""}",6,1,7,Aerospace Engineer
USER_6395,B.Arch,Architecture,9.627190760329114,Outstanding,0,Beginner,0,3,Intermediate,4,"{""has_research"": true, ""level"": ""Beginner"", ""description"": ""Basic research exposure""}",3,1,2,Civil Engineer
USER_6417,B.Tech,Computer Science,6.559880749262198,Good,0,Beginner,1,3,Intermediate,5,"{""has_research"": true, ""level"": ""Beginner"", ""description"": ""Basic research exposure""}",4,1,3,Software Developer
USER_6417,B.Sc,Computer Science,6.559880749262198,Good,0,Beginner,1,3,Intermediate,5,"{""has_research"": true, ""level"": ""Beginner"", ""description"": ""Basic research exposure""}",4,1,3,Software Developer
USER_6430,B.Tech,Computer Science,8.260289965836545,Excellent,1,Intermediate,1,3,Intermediate,5,"{""has_research"": true, ""level"": ""Beginner"", ""description"": ""Basic research exposure""}",5,1,3,Software Developer
USER_6430,B.Sc,Computer Science,8.260289965836545,Excellent,1,Intermediate,1,3,Intermediate,5,"{""has_research"": true, ""level"": ""Beginner"", ""description"": ""Basic research exposure""}",5,1,3,Software Developer
USER_6477,B.Tech,Computer Science,8.541034108935062,Excellent,0,Advanced,2,0,Beginner,3,"{""has_research"": false, ""level"": ""None"", ""description"": ""No research experience""}",2,1,0,AI Researcher
USER_6477,B.Sc,Computer Science,8.541034108935062,Excellent,0,Advanced,2,0,Beginner,3,"{""has_research"": false, ""level"": ""None"", ""description"": ""No research experience""}",2,1,0,AI Researcher
USER_6493,B.Arch,Architecture,9.76453946950453,Outstanding,0,Expert,1,4,Experienced,6,"{""has_research"": true, ""level"": ""Beginner"", ""description"": ""Basic research exposure""}",3,1,6,Civil Engineer
USER_6604,B.Tech,Computer Science,7.528986426385442,Very Good,0,Advanced,1,3,Intermediate,4,"{""has_research"": false, ""level"": ""None"", ""description"": ""No research experience""}",2,0,7,Software Developer
USER_6604,B.Sc,Computer Science,7.528986426385442,Very Good,0,Advanced,1,3,Intermediate,4,"{""has_research"": false, ""level"": ""None"", ""description"": ""No research experience""}",2,0,7,Software Developer
USER_6606,B.Tech,Civil,8.976966725105086,Excellent,1,Elementary,1,4,Experienced,5,"{""has_research"": true, ""level"": ""Beginner"", ""description"": ""Basic research exposure""}",1,0,7,Civil Engineer
USER_6606,B.E.,Civil,8.976966725105086,Excellent,1,Elementary,1,4,Experienced,5,"{""has_research"": true, ""level"": ""Beginner"", ""description"": ""Basic research exposure""}",1,0,7,Civil Engineer
USER_6616,B.Arch,Architecture,7.1232564281370525,Very Good,1,Beginner,2,1,Intermediate,4,"{""has_research"": false, ""level"": ""None"", ""description"": ""No research experience""}",8,1,9,Civil Engineer
USER_6624,B.Tech,Mechanical,7.989800243904574,Very Good,0,Intermediate,0,4,Intermediate,5,"{""has_research"": false, ""level"": ""None"", ""description"": ""No research experience""}",4,1,9,Aerospace Engineer
USER_6624,B.E.,Mechanical,7.989800243904574,Very Good,0,Intermediate,0,4,Intermediate,5,"{""has_research"": false, ""level"": ""None"", ""description"": ""No research experience""}",4,1,9,Aerospace Engineer
USER_6641,B.Tech,Mechanical,7.62059827365741,Very Good,0,Expert,2,1,Intermediate,3,"{""has_research"": false, ""level"": ""None"", ""description"": ""No research experience""}",5,0,1,Aerospace Engineer
USER_6641,B.E.,Mechanical,7.62059827365741,Very Good,0,Expert,2,1,Intermediate,3,"{""has_research"": false, ""level"": ""None"", ""description"": ""No research experience""}",5,0,1,Aerospace Engineer
USER_6674,B.Arch,Architecture,7.867648566347977,Very Good,0,Beginner,1,4,Experienced,5,"{""has_research"": false, ""level"": ""None"", ""description"": ""No research experience""}",3,0,4,Civil Engineer
USER_6817,B.Tech,Computer Science,5.129821150137289,Average,1,Expert,2,1,Intermediate,4,"{""has_research"": true, ""level"": ""Beginner"", ""description"": ""Basic research exposure""}",8,1,5,Game Developer
USER_6817,B.E.,Computer Science,5.129821150137289,Average,1,Expert,2,1,Intermediate,4,"{""has_research"": true, ""level"": ""Beginner"", ""description"": ""Basic research exposure""}",8,1,5,Game Developer
USER_6821,B.Tech,Electronics,7.184966324384824,Very Good,0,Elementary,2,3,Experienced,6,"{""has_research"": true, ""level"": ""Beginner"", ""description"": ""Basic research exposure""}",7,1,5,Graphic Designer
USER_6821,B.E.,Electronics,7.184966324384824,Very Good,0,Elementary,2,3,Experienced,6,"{""has_research"": true, ""level"": ""Beginner"", ""description"": ""Basic research exposure""}",7,1,5,Graphic Designer
USER_6825,B.Tech,Computer Science,6.7850404714672194,Good,0,Intermediate,2,2,Intermediate,5,"{""has_research"": true, ""level"": ""Beginner"", ""description"": ""Basic research exposure""}",1,1,6,Data Scientist
USER_6825,B.Sc,Computer Science,6.7850404714672194,Good,0,Intermediate,2,2,Intermediate,5,"{""has_research"": true, ""level"": ""Beginner"", ""description"": ""Basic research exposure""}",1,1,6,Data Scientist
USER_6847,B.Tech,Electrical,8.367709849719907,Excellent,1,Expert,0,3,Intermediate,3,"{""has_research"": false, ""level"": ""None"", ""description"": ""No research experience""}",8,0,6,Electrical Engineer
USER_6847,B.E.,Electrical,8.367709849719907,Excellent,1,Expert,0,3,Intermediate,3,"{""has_research"": false, ""level"": ""None"", ""description"": ""No research experience""}",8,0,6,Electrical Engineer
USER_6869,B.Arch,Architecture,9.484579132510849,Outstanding,1,Intermediate,1,3,Intermediate,5,"{""has_research"": true, ""level"": ""Beginner"", ""description"": ""Basic research exposure""}",6,1,3,Civil Engineer
USER_6873,B.Tech,Electronics,9.306160792249,Outstanding,0,Expert,0,2,Beginner,3,"{""has_research"": true, ""level"": ""Beginner"", ""description"": ""Basic research exposure""}",4,1,2,Graphic Designer
USER_6873,B.E.,Electronics,9.306160792249,Outstanding,0,Expert,0,2,Beginner,3,"{""has_research"": true, ""level"": ""Beginner"", ""description"": ""Basic research exposure""}",4,1,2,Graphic Designer
USER_6910,B.Tech,Mechanical,5.860771559378169,Average,0,Elementary,2,1,Intermediate,4,"{""has_research"": false, ""level"": ""None"", ""description"": ""No research experience""}",8,1,0,Mechanical Engineer
USER_6910,B.E.,Mechanical,5.860771559378169,Average,0,Elementary,2,1,Intermediate,4,"{""has_research"": false, ""level"": ""None"", ""description"": ""No research experience""}",8,1,0,Mechanical Engineer
USER_6946,B.Arch,Architecture,6.794807710625568,Good,0,Advanced,0,0,No Experience,0,"{""has_research"": false, ""level"": ""None"", ""description"": ""No research experience""}",7,0,4,Graphic Designer
USER_6972,B.Tech,Computer Science,8.746354397553455,Excellent,1,Expert,0,0,No Experience,0,"{""has_research"": true, ""level"": ""Beginner"", ""description"": ""Basic research exposure""}",1,0,3,Cybersecurity Analyst
USER_6972,B.Sc,Computer Science,8.746354397553455,Excellent,1,Expert,0,0,No Experience,0,"{""has_research"": true, ""level"": ""Beginner"", ""description"": ""Basic research exposure""}",1,0,3,Cybersecurity Analyst
USER_7014,B.Tech,Electrical,7.434853818853895,Very Good,1,Beginner,1,3,Intermediate,4,"{""has_research"": false, ""level"": ""None"", ""description"": ""No research experience""}",5,0,6,Electrical Engineer
USER_7014,B.E.,Electrical,7.434853818853895,Very Good,1,Beginner,1,3,Intermediate,4,"{""has_research"": false, ""level"": ""None"", ""description"": ""No research experience""}",5,0,6,Electrical Engineer
USER_7079,B.Arch,Architecture,8.192761447539269,Excellent,1,Expert,2,0,Beginner,3,"{""has_research"": true, ""level"": ""Beginner"", ""description"": ""Basic research exposure""}",1,1,6,Civil Engineer
USER_7085,B.Tech,Computer Science,8.012593106339532,Excellent,0,Elementary,0,2,Beginner,3,"{""has_research"": true, ""level"": ""Beginner"", ""description"": ""Basic research exposure""}",8,1,6,Data Scientist
USER_7085,B.Sc,Computer Science,8.012593106339532,Excellent,0,Elementary,0,2,Beginner,3,"{""has_research"": true, ""level"": ""Beginner"", ""description"": ""Basic research exposure""}",8,1,6,Data Scientist
USER_7203,B.Arch,Architecture,8.67307309919132,Excellent,0,Advanced,1,0,Beginner,1,"{""has_research"": true, ""level"": ""Beginner"", ""description"": ""Basic research exposure""}",3,0,8,Civil Engineer
USER_7238,B.Arch,Architecture,6.367528118517607,Good,0,Advanced,0,2,Beginner,2,"{""has_research"": false, ""level"": ""None"", ""description"": ""No research experience""}",0,0,4,Graphic Designer
USER_7266,B.Tech,AI/ML,8.140169093548671,Excellent,1,Expert,1,1,Beginner,3,"{""has_research"": false, ""level"": ""None"", ""description"": ""No research experience""}",3,1,9,AI Researcher
USER_7266,B.E.,AI/ML,8.140169093548671,Excellent,1,Expert,1,1,Beginner,3,"{""has_research"": false, ""level"": ""None"", ""description"": ""No research experience""}",3,1,9,AI Researcher
USER_7317,B.Tech,Computer Science,8.36357379159641,Excellent,1,Advanced,2,0,Beginner,2,"{""has_research"": false, ""level"": ""None"", ""description"": ""No research experience""}",1,0,9,Software Developer
USER_7317,B.Sc,Computer Science,8.36357379159641,Excellent,1,Advanced,2,0,Beginner,2,"{""has_research"": false, ""level"": ""None"", ""description"": ""No research experience""}",1,0,9,Software Developer
USER_7352,B.Arch,Architecture,9.594628194162745,Outstanding,1,Elementary,1,0,Beginner,1,"{""has_research"": true, ""level"": ""Beginner"", ""description"": ""Basic research exposure""}",3,0,2,Civil Engineer
USER_7446,B.Tech,Computer Science,9.11863373182914,Outstanding,0,Beginner,0,1,Beginner,2,"{""has_research"": true, ""level"": ""Beginner"", ""description"": ""Basic research exposure""}",0,1,6,Graphic Designer
USER_7446,B.Sc,Computer Science,9.11863373182914,Outstanding,0,Beginner,0,1,Beginner,2,"{""has_research"": true, ""level"": ""Beginner"", ""description"": ""Basic research exposure""}",0,1,6,Graphic Designer
USER_7525,B.Tech,Mechanical,6.236674445808381,Good,0,Intermediate,1,2,Intermediate,3,"{""has_research"": true, ""level"": ""Beginner"", ""description"": ""Basic research exposure""}",1,0,4,Chemical Engineer
USER_7525,B.E.,Mechanical,6.236674445808381,Good,0,Intermediate,1,2,Intermediate,3,"{""has_research"": true, ""level"": ""Beginner"", ""description"": ""Basic research exposure""}",1,0,4,Chemical Engineer
USER_7588,B.Tech,Mechanical,9.11910460882961,Outstanding,0,Expert,0,4,Intermediate,5,"{""has_research"": false, ""level"": ""None"", ""description"": ""No research experience""}",7,1,7,Chemical Engineer
USER_7588,B.E.,Mechanical,9.11910460882961,Outstanding,0,Expert,0,4,Intermediate,5,"{""has_research"": false, ""level"": ""None"", ""description"": ""No research experience""}",7,1,7,Chemical Engineer
USER_7597,B.Tech,Electronics,8.075640686352124,Excellent,1,Beginner,0,3,Intermediate,4,"{""has_research"": true, ""level"": ""Beginner"", ""description"": ""Basic research exposure""}",7,1,2,Graphic Designer
USER_7597,B.E.,Electronics,8.075640686352124,Excellent,1,Beginner,0,3,Intermediate,4,"{""has_research"": true, ""level"": ""Beginner"", ""description"": ""Basic research exposure""}",7,1,2,Graphic Designer
USER_7612,B.Tech,Computer Science,7.496976397658248,Very Good,1,Advanced,2,3,Experienced,5,"{""has_research"": true, ""level"": ""Beginner"", ""description"": ""Basic research exposure""}",1,0,8,Game Developer
USER_7612,B.E.,Computer Science,7.496976397658248,Very Good,1,Advanced,2,3,Experienced,5,"{""has_research"": true, ""level"": ""Beginner"", ""description"": ""Basic research exposure""}",1,0,8,Game Developer
USER_7613,B.Tech,Computer Science,7.052754642637792,Very Good,1,Intermediate,2,1,Intermediate,3,"{""has_research"": true, ""level"": ""Beginner"", ""description"": ""Basic research exposure""}",2,0,5,Software Developer
USER_7613,B.Sc,Computer Science,7.052754642637792,Very Good,1,Intermediate,2,1,Intermediate,3,"{""has_research"": true, ""level"": ""Beginner"", ""description"": ""Basic research exposure""}",2,0,5,Software Developer
USER_7629,B.Tech,Computer Science,6.323599916107804,Good,0,Advanced,1,3,Intermediate,4,"{""has_research"": false, ""level"": ""None"", ""description"": ""No research experience""}",5,0,4,Web Developer
USER_7629,B.Sc,Computer Science,6.323599916107804,Good,0,Advanced,1,3,Intermediate,4,"{""has_research"": false, ""level"": ""None"", ""description"": ""No research experience""}",5,0,4,Web Developer
USER_7674,B.Tech,Mechanical,9.394673341941342,Outstanding,0,Elementary,2,0,Beginner,3,"{""has_research"": true, ""level"": ""Beginner"", ""description"": ""Basic research exposure""}",5,1,1,Mechanical Engineer
USER_7674,B.E.,Mechanical,9.394673341941342,Outstanding,0,Elementary,2,0,Beginner,3,"{""has_research"": true, ""level"": ""Beginner"", ""description"": ""Basic research exposure""}",5,1,1,Mechanical Engineer
USER_7712,B.Tech,Computer Science,7.175188843713974,Very Good,1,Expert,2,1,Intermediate,4,"{""has_research"": false, ""level"": ""None"", ""description"": ""No research experience""}",1,1,7,Software Developer
USER_7712,B.Sc,Computer Science,7.175188843713974,Very Good,1,Expert,2,1,Intermediate,4,"{""has_research"": false, ""level"": ""None"", ""description"": ""No research experience""}",1,1,7,Software Developer
USER_7790,B.Tech,Computer Science,5.364635325210385,Average,0,Elementary,2,0,Beginner,2,"{""has_research"": true, ""level"": ""Beginner"", ""description"": ""Basic research exposure""}",2,0,3,Graphic Designer
USER_7790,B.Sc,Computer Science,5.364635325210385,Average,0,Elementary,2,0,Beginner,2,"{""has_research"": true, ""level"": ""Beginner"", ""description"": ""Basic research exposure""}",2,0,3,Graphic Designer
USER_8030,B.Tech,Computer Science,5.171494521933797,Average,0,Intermediate,1,1,Beginner,2,"{""has_research"": false, ""level"": ""None"", ""description"": ""No research experience""}",7,0,7,Game Developer
USER_8030,B.E.,Computer Science,5.171494521933797,Average,0,Intermediate,1,1,Beginner,2,"{""has_research"": false, ""level"": ""None"", ""description"": ""No research experience""}",7,0,7,Game Developer
USER_8051,B.Tech,Mechanical,9.61056430991796,Outstanding,1,Beginner,0,4,Intermediate,5,"{""has_research"": true, ""level"": ""Beginner"", ""description"": ""Basic research exposure""}",7,1,7,Mechanical Engineer
USER_8051,B.E.,Mechanical,9.61056430991796,Outstanding,1,Beginner,0,4,Intermediate,5,"{""has_research"": true, ""level"": ""Beginner"", ""description"": ""Basic research exposure""}",7,1,7,Mechanical Engineer
USER_8057,B.Tech,Computer Science,9.211369264865638,Outstanding,1,Expert,1,0,Beginner,2,"{""has_research"": true, ""level"": ""Beginner"", ""description"": ""Basic research exposure""}",7,1,5,Web Developer
USER_8057,B.Sc,Computer Science,9.211369264865638,Outstanding,1,Expert,1,0,Beginner,2,"{""has_research"": true, ""level"": ""Beginner"", ""description"": ""Basic research exposure""}",7,1,5,Web Developer
USER_8081,B.Tech,AI/ML,5.222687710840408,Average,0,Advanced,0,2,Beginner,2,"{""has_research"": false, ""level"": ""None"", ""description"": ""No research experience""}",6,0,2,AI Researcher
USER_8081,B.E.,AI/ML,5.222687710840408,Average,0,Advanced,0,2,Beginner,2,"{""has_research"": false, ""level"": ""None"", ""description"": ""No research experience""}",6,0,2,AI Researcher
USER_8093,B.Tech,Mechanical,7.292263598844688,Very Good,0,Intermediate,0,2,Beginner,2,"{""has_research"": true, ""level"": ""Beginner"", ""description"": ""Basic research exposure""}",6,0,6,Aerospace Engineer
USER_8093,B.E.,Mechanical,7.292263598844688,Very Good,0,Intermediate,0,2,Beginner,2,"{""has_research"": true, ""level"": ""Beginner"", ""description"": ""Basic research exposure""}",6,0,6,Aerospace Engineer
USER_8097,B.Tech,Computer Science,9.633394526568582,Outstanding,0,Advanced,0,3,Intermediate,3,"{""has_research"": false, ""level"": ""None"", ""description"": ""No research experience""}",4,0,9,Software Developer
USER_8097,B.Sc,Computer Science,9.633394526568582,Outstanding,0,Advanced,0,3,Intermediate,3,"{""has_research"": false, ""level"": ""None"", ""description"": ""No research experience""}",4,0,9,Software Developer
USER_8154,B.Tech,Computer Science,5.576531280956626,Average,1,Expert,2,3,Experienced,6,"{""has_research"": false, ""level"": ""None"", ""description"": ""No research experience""}",8,1,3,Software Developer
USER_8154,B.Sc,Computer Science,5.576531280956626,Average,1,Expert,2,3,Experienced,6,"{""has_research"": false, ""level"": ""None"", ""description"": ""No research experience""}",8,1,3,Software Developer
USER_8182,B.Tech,Computer Science,5.087681943271956,Average,0,Expert,1,4,Experienced,6,"{""has_research"": true, ""level"": ""Beginner"", ""description"": ""Basic research exposure""}",6,1,9,Software Developer
USER_8182,B.Sc,Computer Science,5.087681943271956,Average,0,Expert,1,4,Experienced,6,"{""has_research"": true, ""level"": ""Beginner"", ""description"": ""Basic research exposure""}",6,1,9,Software Developer
USER_8222,B.Tech,Computer Science,5.953505355685255,Average,0,Elementary,2,2,Intermediate,5,"{""has_research"": true, ""level"": ""Beginner"", ""description"": ""Basic research exposure""}",3,1,2,Software Developer
USER_8222,B.Sc,Computer Science,5.953505355685255,Average,0,Elementary,2,2,Intermediate,5,"{""has_research"": true, ""level"": ""Beginner"", ""description"": ""Basic research exposure""}",3,1,2,Software Developer
USER_8243,B.Tech,Computer Science,9.99652021036457,Outstanding,1,Beginner,1,1,Beginner,2,"{""has_research"": true, ""level"": ""Beginner"", ""description"": ""Basic research exposure""}",9,0,5,Graphic Designer
USER_8243,B.Sc,Computer Science,9.99652021036457,Outstanding,1,Beginner,1,1,Beginner,2,"{""has_research"": true, ""level"": ""Beginner"", ""description"": ""Basic research exposure""}",9,0,5,Graphic Designer
USER_8320,B.Tech,Computer Science,5.48691413970582,Average,1,Beginner,2,1,Intermediate,4,"{""has_research"": true, ""level"": ""Beginner"", ""description"": ""Basic research exposure""}",5,1,2,Graphic Designer
USER_8320,B.Sc,Computer Science,5.48691413970582,Average,1,Beginner,2,1,Intermediate,4,"{""has_research"": true, ""level"": ""Beginner"", ""description"": ""Basic research exposure""}",5,1,2,Graphic Designer
USER_8356,B.Tech,Computer Science,6.566282390414793,Good,0,Beginner,1,3,Intermediate,5,"{""has_research"": false, ""level"": ""None"", ""description"": ""No research experience""}",2,1,5,Graphic Designer
USER_8356,B.Sc,Computer Science,6.566282390414793,Good,0,Beginner,1,3,Intermediate,5,"{""has_research"": false, ""level"": ""None"", ""description"": ""No research experience""}",2,1,5,Graphic Designer
USER_8449,B.Tech,Computer Science,5.549689686076633,Average,0,Elementary,0,4,Intermediate,5,"{""has_research"": false, ""level"": ""None"", ""description"": ""No research experience""}",3,1,6,Software Developer
USER_8449,B.Sc,Computer Science,5.549689686076633,Average,0,Elementary,0,4,Intermediate,5,"{""has_research"": false, ""level"": ""None"", ""description"": ""No research experience""}",3,1,6,Software Developer
USER_8465,B.Arch,Architecture,8.705382176951765,Excellent,0,Advanced,0,1,Beginner,2,"{""has_research"": true, ""level"": ""Beginner"", ""description"": ""Basic research exposure""}",8,1,4,Civil Engineer
USER_8615,B.Tech,Computer Science,5.260656844960939,Average,1,Beginner,2,4,Experienced,7,"{""has_research"": false, ""level"": ""None"", ""description"": ""No research experience""}",1,1,1,Software Developer
USER_8615,B.Sc,Computer Science,5.260656844960939,Average,1,Beginner,2,4,Experienced,7,"{""has_research"": false, ""level"": ""None"", ""description"": ""No research experience""}",1,1,1,Software Developer
USER_8617,B.Tech,Computer Science,7.027705024823464,Very Good,1,Expert,2,2,Intermediate,4,"{""has_research"": true, ""level"": ""Beginner"", ""description"": ""Basic research exposure""}",1,0,2,Game Developer
USER_8617,B.E.,Computer Science,7.027705024823464,Very Good,1,Expert,2,2,Intermediate,4,"{""has_research"": true, ""level"": ""Beginner"", ""description"": ""Basic research exposure""}",1,0,2,Game Developer
USER_8623,B.Tech,Computer Science,9.642530796315068,Outstanding,0,Beginner,1,0,Beginner,1,"{""has_research"": false, ""level"": ""None"", ""description"": ""No research experience""}",9,0,1,Graphic Designer
USER_8623,B.Sc,Computer Science,9.642530796315068,Outstanding,0,Beginner,1,0,Beginner,1,"{""has_research"": false, ""level"": ""None"", ""description"": ""No research experience""}",9,0,1,Graphic Designer
USER_8652,B.Tech,Mechanical,9.21757310382017,Outstanding,0,Beginner,0,4,Intermediate,5,"{""has_research"": false, ""level"": ""None"", ""description"": ""No research experience""}",8,1,8,Mechanical Engineer
USER_8652,B.E.,Mechanical,9.21757310382017,Outstanding,0,Beginner,0,4,Intermediate,5,"{""has_research"": false, ""level"": ""None"", ""description"": ""No research experience""}",8,1,8,Mechanical Engineer
USER_8730,B.Arch,Architecture,9.197689627069597,Outstanding,0,Intermediate,0,3,Intermediate,3,"{""has_research"": true, ""level"": ""Beginner"", ""description"": ""Basic research exposure""}",4,0,6,Civil Engineer
USER_8752,B.Tech,Computer Science,8.35328811190731,Excellent,1,Beginner,1,4,Experienced,6,"{""has_research"": true, ""level"": ""Beginner"", ""description"": ""Basic research exposure""}",0,1,8,Software Developer
USER_8752,B.Sc,Computer Science,8.35328811190731,Excellent,1,Beginner,1,4,Experienced,6,"{""has_research"": true, ""level"": ""Beginner"", ""description"": ""Basic research exposure""}",0,1,8,Software Developer
USER_8820,B.Arch,Architecture,5.16292387312499,Average,0,Expert,0,3,Intermediate,3,"{""has_research"": false, ""level"": ""None"", ""description"": ""No research experience""}",0,0,4,Graphic Designer
USER_8824,B.Arch,Architecture,5.391030267353218,Average,1,Elementary,1,4,Experienced,5,"{""has_research"": true, ""level"": ""Beginner"", ""description"": ""Basic research exposure""}",1,0,9,Civil Engineer
USER_8825,B.Arch,Architecture,7.640422541634858,Very Good,1,Elementary,1,2,Intermediate,4,"{""has_research"": false, ""level"": ""None"", ""description"": ""No research experience""}",3,1,4,Civil Engineer
USER_8831,B.Tech,Computer Science,7.2374390300574625,Very Good,0,Intermediate,0,3,Intermediate,3,"{""has_research"": false, ""level"": ""None"", ""description"": ""No research experience""}",2,0,5,Data Scientist
USER_8831,B.E.,Computer Science,7.2374390300574625,Very Good,0,Intermediate,0,3,Intermediate,3,"{""has_research"": false, ""level"": ""None"", ""description"": ""No research experience""}",2,0,5,Data Scientist
USER_8837,B.Tech,Computer Science,9.106876251102436,Outstanding,0,Elementary,1,1,Beginner,2,"{""has_research"": true, ""level"": ""Beginner"", ""description"": ""Basic research exposure""}",6,0,0,Graphic Designer
USER_8837,B.Sc,Computer Science,9.106876251102436,Outstanding,0,Elementary,1,1,Beginner,2,"{""has_research"": true, ""level"": ""Beginner"", ""description"": ""Basic research exposure""}",6,0,0,Graphic Designer
USER_8921,B.Tech,Computer Science,5.429714053430584,Average,0,Expert,0,3,Intermediate,4,"{""has_research"": false, ""level"": ""None"", ""description"": ""No research experience""}",4,1,0,Software Developer
USER_8921,B.Sc,Computer Science,5.429714053430584,Average,0,Expert,0,3,Intermediate,4,"{""has_research"": false, ""level"": ""None"", ""description"": ""No research experience""}",4,1,0,Software Developer
USER_8937,B.Arch,Architecture,8.132526040571108,Excellent,0,Advanced,0,2,Beginner,3,"{""has_research"": true, ""level"": ""Beginner"", ""description"": ""Basic research exposure""}",6,1,2,Civil Engineer
USER_8954,B.Tech,Computer Science,8.130641930955829,Excellent,1,Expert,0,1,Beginner,1,"{""has_research"": false, ""level"": ""None"", ""description"": ""No research experience""}",6,0,0,Web Developer
USER_8954,B.Sc,Computer Science,8.130641930955829,Excellent,1,Expert,0,1,Beginner,1,"{""has_research"": false, ""level"": ""None"", ""description"": ""No research experience""}",6,0,0,Web Developer
USER_8971,B.Arch,Architecture,9.054195246501646,Outstanding,0,Expert,1,2,Intermediate,3,"{""has_research"": false, ""level"": ""None"", ""description"": ""No research experience""}",2,0,5,Civil Engineer
USER_7000,M.Tech,Computer Science,7.810890415965769,Very Good,1,Intermediate,3,3,Intermediate,3,"{""has_research"": true, ""level"": ""Beginner"", ""description"": ""Basic research exposure""}",3,0,1,Software Developer
USER_7000,M.E,Computer Science,7.810890415965769,Very Good,1,Intermediate,3,3,Intermediate,3,"{""has_research"": true, ""level"": ""Beginner"", ""description"": ""Basic research exposure""}",3,0,1,Software Developer
USER_7001,M.Tech,Computer Science,9.827500072434706,Outstanding,3,Expert,3,1,Experienced,6,"{""has_research"": true, ""level"": ""Beginner"", ""description"": ""Basic research exposure""}",0,0,1,Software Developer
USER_7001,M.E,Computer Science,9.827500072434706,Outstanding,3,Expert,3,1,Experienced,6,"{""has_research"": true, ""level"": ""Beginner"", ""description"": ""Basic research exposure""}",0,0,1,Software Developer
USER_7002,M.Tech,Computer Science,9.061978796339918,Outstanding,1,Intermediate,3,1,Intermediate,3,"{""has_research"": true, ""level"": ""Beginner"", ""description"": ""Basic research exposure""}",8,1,3,Software Developer
USER_7002,M.E,Computer Science,9.061978796339918,Outstanding,1,Intermediate,3,1,Intermediate,3,"{""has_research"": true, ""level"": ""Beginner"", ""description"": ""Basic research exposure""}",8,1,3,Software Developer
USER_7003,M.Tech,Computer Science,8.595304694689627,Excellent,2,Expert,2,1,Beginner,2,"{""has_research"": true, ""level"": ""Beginner"", ""description"": ""Basic research exposure""}",6,1,4,Software Developer
USER_7003,M.E,Computer Science,8.595304694689627,Excellent,2,Expert,2,1,Beginner,2,"{""has_research"": true, ""level"": ""Beginner"", ""description"": ""Basic research exposure""}",6,1,4,Software Developer
USER_7004,M.Tech,Computer Science,7.046065241548527,Very Good,1,Intermediate,2,1,Beginner,1,"{""has_research"": true, ""level"": ""Beginner"", ""description"": ""Basic research exposure""}",6,0,5,Software Developer
USER_7004,M.E,Computer Science,7.046065241548527,Very Good,1,Intermediate,2,1,Beginner,1,"{""has_research"": true, ""level"": ""Beginner"", ""description"": ""Basic research exposure""}",6,0,5,Software Developer
USER_7005,M.Tech,Computer Science,7.045980821176709,Very Good,3,Advanced,1,4,Beginner,1,"{""has_research"": true, ""level"": ""Beginner"", ""description"": ""Basic research exposure""}",6,0,8,AI Researcher
USER_7005,M.E,Computer Science,7.045980821176709,Very Good,3,Advanced,1,4,Beginner,1,"{""has_research"": true, ""level"": ""Beginner"", ""description"": ""Basic research exposure""}",6,0,8,AI Researcher
USER_7006,M.Tech,Computer Science,6.703292642588698,Good,2,Expert,3,3,Intermediate,3,"{""has_research"": true, ""level"": ""Beginner"", ""description"": ""Basic research exposure""}",1,0,3,AI Researcher
USER_7006,M.E,Computer Science,6.703292642588698,Good,2,Expert,3,3,Intermediate,3,"{""has_research"": true, ""level"": ""Beginner"", ""description"": ""Basic research exposure""}",1,0,3,AI Researcher
USER_7007,M.Tech,Computer Science,9.531616510212274,Outstanding,2,Intermediate,1,1,Experienced,6,"{""has_research"": true, ""level"": ""Beginner"", ""description"": ""Basic research exposure""}",4,1,5,AI Researcher
USER_7007,M.E,Computer Science,9.531616510212274,Outstanding,2,Intermediate,1,1,Experienced,6,"{""has_research"": true, ""level"": ""Beginner"", ""description"": ""Basic research exposure""}",4,1,5,AI Researcher
USER_7008,M.Tech,Computer Science,8.603902541101231,Excellent,1,Advanced,2,2,Intermediate,4,"{""has_research"": true, ""level"": ""Beginner"", ""description"": ""Basic research exposure""}",1,0,8,AI Researcher
USER_7008,M.E,Computer Science,8.603902541101231,Excellent,1,Advanced,2,2,Intermediate,4,"{""has_research"": true, ""level"": ""Beginner"", ""description"": ""Basic research exposure""}",1,0,8,AI Researcher
USER_7009,M.Tech,AI/ML,8.978254022286158,Excellent,1,Intermediate,2,4,Intermediate,4,"{""has_research"": true, ""level"": ""Beginner"", ""description"": ""Basic research exposure""}",8,0,5,AI Researcher
USER_7009,M.E,AI/ML,8.978254022286158,Excellent,1,Intermediate,2,4,Intermediate,4,"{""has_research"": true, ""level"": ""Beginner"", ""description"": ""Basic research exposure""}",8,0,5,AI Researcher
USER_7010,M.Tech,AI/ML,6.572045730035309,Good,1,Intermediate,1,3,Experienced,6,"{""has_research"": true, ""level"": ""Beginner"", ""description"": ""Basic research exposure""}",4,0,3,AI Researcher
USER_7010,M.E,AI/ML,6.572045730035309,Good,1,Intermediate,1,3,Experienced,6,"{""has_research"": true, ""level"": ""Beginner"", ""description"": ""Basic research exposure""}",4,0,3,AI Researcher
USER_7011,M.Tech,AI/ML,9.89468448256698,Outstanding,3,Expert,2,2,Experienced,7,"{""has_research"": true, ""level"": ""Beginner"", ""description"": ""Basic research exposure""}",6,1,2,AI Researcher
USER_7011,M.E,AI/ML,9.89468448256698,Outstanding,3,Expert,2,2,Experienced,7,"{""has_research"": true, ""level"": ""Beginner"", ""description"": ""Basic research exposure""}",6,1,2,AI Researcher
USER_7012,M.Tech,AI/ML,9.413549242801476,Outstanding,2,Intermediate,1,3,Experienced,6,"{""has_research"": true, ""level"": ""Beginner"", ""description"": ""Basic research exposure""}",9,1,5,AI Researcher
USER_7012,M.E,AI/ML,9.413549242801476,Outstanding,2,Intermediate,1,3,Experienced,6,"{""has_research"": true, ""level"": ""Beginner"", ""description"": ""Basic research exposure""}",9,1,5,AI Researcher
USER_7013,M.Tech,AI/ML,7.243186887373967,Very Good,1,Intermediate,3,4,Beginner,1,"{""has_research"": true, ""level"": ""Beginner"", ""description"": ""Basic research exposure""}",0,0,2,AI Researcher
USER_7013,M.E,AI/ML,7.243186887373967,Very Good,1,Intermediate,3,4,Beginner,1,"{""has_research"": true, ""level"": ""Beginner"", ""description"": ""Basic research exposure""}",0,0,2,AI Researcher
USER_7014,M.Tech,AI/ML,7.136387385224852,Very Good,1,Expert,2,1,Experienced,6,"{""has_research"": true, ""level"": ""Beginner"", ""description"": ""Basic research exposure""}",6,1,8,Data Scientist
USER_7014,M.E,AI/ML,7.136387385224852,Very Good,1,Expert,2,1,Experienced,6,"{""has_research"": true, ""level"": ""Beginner"", ""description"": ""Basic research exposure""}",6,1,8,Data Scientist
USER_7015,M.Tech,AI/ML,7.1419157844870185,Very Good,2,Expert,1,1,Intermediate,4,"{""has_research"": true, ""level"": ""Beginner"", ""description"": ""Basic research exposure""}",5,0,4,Data Scientist
USER_7015,M.E,AI/ML,7.1419157844870185,Very Good,2,Expert,1,1,Intermediate,4,"{""has_research"": true, ""level"": ""Beginner"", ""description"": ""Basic research exposure""}",5,0,4,Data Scientist
USER_7016,M.Tech,AI/ML,7.564847850358382,Very Good,2,Intermediate,2,1,Intermediate,4,"{""has_research"": true, ""level"": ""Beginner"", ""description"": ""Basic research exposure""}",8,0,8,Data Scientist
USER_7016,M.E,AI/ML,7.564847850358382,Very Good,2,Intermediate,2,1,Intermediate,4,"{""has_research"": true, ""level"": ""Beginner"", ""description"": ""Basic research exposure""}",8,0,8,Data Scientist
USER_7017,M.Tech,AI/ML,8.336647510712833,Excellent,1,Expert,2,2,Beginner,2,"{""has_research"": true, ""level"": ""Beginner"", ""description"": ""Basic research exposure""}",5,0,8,Data Scientist
USER_7017,M.E,AI/ML,8.336647510712833,Excellent,1,Expert,2,2,Beginner,2,"{""has_research"": true, ""level"": ""Beginner"", ""description"": ""Basic research exposure""}",5,0,8,Data Scientist
USER_7018,M.Tech,AI/ML,8.011807565247405,Excellent,3,Intermediate,3,3,Experienced,7,"{""has_research"": true, ""level"": ""Beginner"", ""description"": ""Basic research exposure""}",0,0,5,Data Scientist
USER_7018,M.E,AI/ML,8.011807565247405,Excellent,3,Intermediate,3,3,Experienced,7,"{""has_research"": true, ""level"": ""Beginner"", ""description"": ""Basic research exposure""}",0,0,5,Data Scientist
USER_7019,M.Tech,Information Technology,7.519301990693147,Very Good,1,Intermediate,1,1,Beginner,1,"{""has_research"": true, ""level"": ""Beginner"", ""description"": ""Basic research exposure""}",7,0,8,Software Developer
USER_7019,M.E,Information Technology,7.519301990693147,Very Good,1,Intermediate,1,1,Beginner,1,"{""has_research"": true, ""level"": ""Beginner"", ""description"": ""Basic research exposure""}",7,0,8,Software Developer
USER_7020,M.Tech,Information Technology,8.641485131528327,Excellent,1,Intermediate,3,4,Beginner,2,"{""has_research"": true, ""level"": ""Beginner"", ""description"": ""Basic research exposure""}",4,1,3,Software Developer
USER_7020,M.E,Information Technology,8.641485131528327,Excellent,1,Intermediate,3,4,Beginner,2,"{""has_research"": true, ""level"": ""Beginner"", ""description"": ""Basic research exposure""}",4,1,3,Software Developer
USER_7021,M.Tech,Information Technology,6.988228512282147,Good,3,Expert,3,2,Intermediate,4,"{""has_research"": true, ""level"": ""Beginner"", ""description"": ""Basic research exposure""}",6,1,7,Software Developer
USER_7021,M.E,Information Technology,6.988228512282147,Good,3,Expert,3,2,Intermediate,4,"{""has_research"": true, ""level"": ""Beginner"", ""description"": ""Basic research exposure""}",6,1,7,Software Developer
USER_7022,M.Tech,Information Technology,7.522506269873263,Very Good,3,Advanced,1,2,Intermediate,3,"{""has_research"": true, ""level"": ""Beginner"", ""description"": ""Basic research exposure""}",1,1,0,Software Developer
USER_7022,M.E,Information Technology,7.522506269873263,Very Good,3,Advanced,1,2,Intermediate,3,"{""has_research"": true, ""level"": ""Beginner"", ""description"": ""Basic research exposure""}",1,1,0,Software Developer
USER_7023,M.Tech,Mechanical,7.782266451527921,Very Good,3,Beginner,3,1,No Experience,0,"{""has_research"": true, ""level"": ""Beginner"", ""description"": ""Basic research exposure""}",1,0,3,Mechanical Engineer
USER_7023,M.E,Mechanical,7.782266451527921,Very Good,3,Beginner,3,1,No Experience,0,"{""has_research"": true, ""level"": ""Beginner"", ""description"": ""Basic research exposure""}",1,0,3,Mechanical Engineer
USER_7024,M.Tech,Mechanical,8.096244944759626,Excellent,1,Beginner,2,0,Intermediate,3,"{""has_research"": true, ""level"": ""Beginner"", ""description"": ""Basic research exposure""}",4,1,3,Mechanical Engineer
USER_7024,M.E,Mechanical,8.096244944759626,Excellent,1,Beginner,2,0,Intermediate,3,"{""has_research"": true, ""level"": ""Beginner"", ""description"": ""Basic research exposure""}",4,1,3,Mechanical Engineer
USER_7025,M.Tech,Mechanical,9.248115864875547,Outstanding,3,Beginner,3,3,Intermediate,3,"{""has_research"": true, ""level"": ""Beginner"", ""description"": ""Basic research exposure""}",7,1,3,Mechanical Engineer
USER_7025,M.E,Mechanical,9.248115864875547,Outstanding,3,Beginner,3,3,Intermediate,3,"{""has_research"": true, ""level"": ""Beginner"", ""description"": ""Basic research exposure""}",7,1,3,Mechanical Engineer
USER_7026,M.Tech,Mechanical,7.198858237554259,Very Good,1,Beginner,3,3,Intermediate,5,"{""has_research"": true, ""level"": ""Beginner"", ""description"": ""Basic research exposure""}",6,1,7,Mechanical Engineer
USER_7026,M.E,Mechanical,7.198858237554259,Very Good,1,Beginner,3,3,Intermediate,5,"{""has_research"": true, ""level"": ""Beginner"", ""description"": ""Basic research exposure""}",6,1,7,Mechanical Engineer
USER_7027,M.Tech,Mechanical,8.29982053444764,Excellent,3,Beginner,3,0,No Experience,0,"{""has_research"": true, ""level"": ""Beginner"", ""description"": ""Basic research exposure""}",6,1,1,Mechanical Engineer
USER_7027,M.E,Mechanical,8.29982053444764,Excellent,3,Beginner,3,0,No Experience,0,"{""has_research"": true, ""level"": ""Beginner"", ""description"": ""Basic research exposure""}",6,1,1,Mechanical Engineer
USER_7028,M.Tech,Electrical,8.573450991017149,Excellent,1,Beginner,3,3,Beginner,2,"{""has_research"": true, ""level"": ""Beginner"", ""description"": ""Basic research exposure""}",6,0,4,Electrical Engineer
USER_7028,M.E,Electrical,8.573450991017149,Excellent,1,Beginner,3,3,Beginner,2,"{""has_research"": true, ""level"": ""Beginner"", ""description"": ""Basic research exposure""}",6,0,4,Electrical Engineer
USER_7029,M.Tech,Electrical,6.662576444519992,Good,2,Beginner,1,3,Beginner,1,"{""has_research"": true, ""level"": ""Beginner"", ""description"": ""Basic research exposure""}",0,0,1,Electrical Engineer
USER_7029,M.E,Electrical,6.662576444519992,Good,2,Beginner,1,3,Beginner,1,"{""has_research"": true, ""level"": ""Beginner"", ""description"": ""Basic research exposure""}",0,0,1,Electrical Engineer
USER_7030,M.Tech,Electrical,8.626406981655034,Excellent,1,Beginner,2,3,Experienced,7,"{""has_research"": true, ""level"": ""Beginner"", ""description"": ""Basic research exposure""}",3,1,0,Electrical Engineer
USER_7030,M.E,Electrical,8.626406981655034,Excellent,1,Beginner,2,3,Experienced,7,"{""has_research"": true, ""level"": ""Beginner"", ""description"": ""Basic research exposure""}",3,1,0,Electrical Engineer
USER_7031,M.Tech,Civil,7.096834432905521,Very Good,2,Beginner,2,2,Experienced,7,"{""has_research"": true, ""level"": ""Beginner"", ""description"": ""Basic research exposure""}",4,1,8,Civil Engineer
USER_7031,M.E,Civil,7.096834432905521,Very Good,2,Beginner,2,2,Experienced,7,"{""has_research"": true, ""level"": ""Beginner"", ""description"": ""Basic research exposure""}",4,1,8,Civil Engineer
USER_7032,M.Tech,Civil,6.727680575448479,Good,3,Intermediate,2,1,Intermediate,3,"{""has_research"": true, ""level"": ""Beginner"", ""description"": ""Basic research exposure""}",4,0,0,Civil Engineer
USER_7032,M.E,Civil,6.727680575448479,Good,3,Intermediate,2,1,Intermediate,3,"{""has_research"": true, ""level"": ""Beginner"", ""description"": ""Basic research exposure""}",4,0,0,Civil Engineer
USER_7033,M.Tech,Civil,9.821099380386666,Outstanding,3,Intermediate,3,0,Intermediate,5,"{""has_research"": true, ""level"": ""Beginner"", ""description"": ""Basic research exposure""}",0,0,9,Civil Engineer
USER_7033,M.E,Civil,9.821099380386666,Outstanding,3,Intermediate,3,0,Intermediate,5,"{""has_research"": true, ""level"": ""Beginner"", ""description"": ""Basic research exposure""}",0,0,9,Civil Engineer
USER_7034,M.Tech,Electronics,9.879712115760958,Outstanding,3,Intermediate,1,0,Beginner,1,"{""has_research"": true, ""level"": ""Beginner"", ""description"": ""Basic research exposure""}",2,0,9,Electrical Engineer
USER_7034,M.E,Electronics,9.879712115760958,Outstanding,3,Intermediate,1,0,Beginner,1,"{""has_research"": true, ""level"": ""Beginner"", ""description"": ""Basic research exposure""}",2,0,9,Electrical Engineer
USER_7035,M.Tech,Electronics,9.329390718407614,Outstanding,1,Intermediate,1,3,Beginner,1,"{""has_research"": true, ""level"": ""Beginner"", ""description"": ""Basic research exposure""}",9,0,9,Electrical Engineer
USER_7035,M.E,Electronics,9.329390718407614,Outstanding,1,Intermediate,1,3,Beginner,1,"{""has_research"": true, ""level"": ""Beginner"", ""description"": ""Basic research exposure""}",9,0,9,Electrical Engineer
USER_7036,M.Tech,Electronics,7.566148192106797,Very Good,3,Beginner,3,0,Experienced,6,"{""has_research"": true, ""level"": ""Beginner"", ""description"": ""Basic research exposure""}",9,1,4,Electrical Engineer
USER_7036,M.E,Electronics,7.566148192106797,Very Good,3,Beginner,3,0,Experienced,6,"{""has_research"": true, ""level"": ""Beginner"", ""description"": ""Basic research exposure""}",9,1,4,Electrical Engineer
USER_7037,M.Tech,Electronics,6.841852399022343,Good,1,Intermediate,3,2,Intermediate,3,"{""has_research"": true, ""level"": ""Beginner"", ""description"": ""Basic research exposure""}",4,1,2,Electrical Engineer
USER_7037,M.E,Electronics,6.841852399022343,Good,1,Intermediate,3,2,Intermediate,3,"{""has_research"": true, ""level"": ""Beginner"", ""description"": ""Basic research exposure""}",4,1,2,Electrical Engineer
USER_7038,M.Tech,Cybersecurity,8.894815592792549,Excellent,3,Advanced,2,3,Beginner,1,"{""has_research"": true, ""level"": ""Beginner"", ""description"": ""Basic research exposure""}",0,1,9,Cybersecurity Analyst
USER_7038,M.E,Cybersecurity,8.894815592792549,Excellent,3,Advanced,2,3,Beginner,1,"{""has_research"": true, ""level"": ""Beginner"", ""description"": ""Basic research exposure""}",0,1,9,Cybersecurity Analyst
USER_7039,M.Tech,Cybersecurity,8.040533728088604,Excellent,3,Intermediate,1,2,Intermediate,4,"{""has_research"": true, ""level"": ""Beginner"", ""description"": ""Basic research exposure""}",2,1,1,Cybersecurity Analyst
USER_7039,M.E,Cybersecurity,8.040533728088604,Excellent,3,Intermediate,1,2,Intermediate,4,"{""has_research"": true, ""level"": ""Beginner"", ""description"": ""Basic research exposure""}",2,1,1,Cybersecurity Analyst
USER_7040,M.Tech,Cybersecurity,6.927133821956726,Good,1,Advanced,2,2,Experienced,7,"{""has_research"": true, ""level"": ""Beginner"", ""description"": ""Basic research exposure""}",8,1,9,Cybersecurity Analyst
USER_7040,M.E,Cybersecurity,6.927133821956726,Good,1,Advanced,2,2,Experienced,7,"{""has_research"": true, ""level"": ""Beginner"", ""description"": ""Basic research exposure""}",8,1,9,Cybersecurity Analyst
USER_7041,M.Tech,Cybersecurity,8.233119185389446,Excellent,3,Expert,1,3,Beginner,1,"{""has_research"": true, ""level"": ""Beginner"", ""description"": ""Basic research exposure""}",2,1,1,Cybersecurity Analyst
USER_7041,M.E,Cybersecurity,8.233119185389446,Excellent,3,Expert,1,3,Beginner,1,"{""has_research"": true, ""level"": ""Beginner"", ""description"": ""Basic research exposure""}",2,1,1,Cybersecurity Analyst
USER_7042,M.Tech,Cybersecurity,6.620359823903264,Good,1,Expert,3,2,Intermediate,4,"{""has_research"": true, ""level"": ""Beginner"", ""description"": ""Basic research exposure""}",4,0,5,Cybersecurity Analyst
USER_7042,M.E,Cybersecurity,6.620359823903264,Good,1,Expert,3,2,Intermediate,4,"{""has_research"": true, ""level"": ""Beginner"", ""description"": ""Basic research exposure""}",4,0,5,Cybersecurity Analyst
USER_7043,BCA,Computer Science,9.546602010393912,Outstanding,2,Expert,1,4,Beginner,2,"{""has_research"": true, ""level"": ""Beginner"", ""description"": ""Basic research exposure""}",0,0,6,Software Developer
USER_7044,BCA,Computer Science,6.293899908000085,Good,1,Intermediate,0,3,Experienced,6,"{""has_research"": false, ""level"": ""None"", ""description"": ""No research experience""}",4,0,7,Software Developer
USER_7045,BCA,Computer Science,8.31261142176991,Excellent,2,Expert,1,1,No Experience,0,"{""has_research"": false, ""level"": ""None"", ""description"": ""No research experience""}",2,0,5,Software Developer
USER_7046,BCA,Computer Science,6.558555380447055,Good,2,Intermediate,1,2,No Experience,0,"{""has_research"": false, ""level"": ""None"", ""description"": ""No research experience""}",0,1,3,Web Developer
USER_7047,BCA,Computer Science,7.600340105889054,Very Good,2,Intermediate,2,1,Beginner,2,"{""has_research"": true, ""level"": ""Beginner"", ""description"": ""Basic research exposure""}",6,0,3,Web Developer
USER_7048,BCA,Computer Science,7.733551396716399,Very Good,0,Intermediate,1,1,Beginner,1,"{""has_research"": true, ""level"": ""Beginner"", ""description"": ""Basic research exposure""}",5,1,3,Web Developer
USER_7049,BCA,Computer Science,5.924272277627635,Average,1,Intermediate,2,1,Intermediate,3,"{""has_research"": true, ""level"": ""Beginner"", ""description"": ""Basic research exposure""}",7,0,3,Web Developer
USER_7050,BCA,Computer Science,9.847923138822791,Outstanding,1,Advanced,1,2,Beginner,1,"{""has_research"": false, ""level"": ""None"", ""description"": ""No research experience""}",3,1,5,Web Developer
USER_7051,BCA,Information Technology,8.875664116805574,Excellent,0,Advanced,1,4,Intermediate,5,"{""has_research"": true, ""level"": ""Beginner"", ""description"": ""Basic research exposure""}",8,1,0,Software Developer
USER_7052,BCA,Information Technology,9.697494707820946,Outstanding,0,Advanced,0,3,No Experience,0,"{""has_research"": false, ""level"": ""None"", ""description"": ""No research experience""}",6,1,5,Software Developer
USER_7053,BCA,Information Technology,9.474136752138245,Outstanding,1,Expert,2,1,Intermediate,3,"{""has_research"": true, ""level"": ""Beginner"", ""description"": ""Basic research exposure""}",3,1,0,Software Developer
USER_7054,BCA,Information Technology,7.989499894055426,Very Good,2,Advanced,0,2,Beginner,2,"{""has_research"": false, ""level"": ""None"", ""description"": ""No research experience""}",5,1,1,Software Developer
USER_7055,BCA,Information Technology,9.609371175115584,Outstanding,1,Expert,1,4,Beginner,2,"{""has_research"": false, ""level"": ""None"", ""description"": ""No research experience""}",4,0,3,Web Developer
USER_7056,BCA,Information Technology,5.442462510259597,Average,1,Expert,1,2,Intermediate,4,"{""has_research"": true, ""level"": ""Beginner"", ""description"": ""Basic research exposure""}",6,0,4,Web Developer
USER_7057,BCA,Information Technology,5.979914312095726,Average,1,Intermediate,1,3,Intermediate,3,"{""has_research"": false, ""level"": ""None"", ""description"": ""No research experience""}",3,1,2,Web Developer
USER_7058,BCA,Information Technology,5.22613644455269,Average,2,Intermediate,1,3,No Experience,0,"{""has_research"": true, ""level"": ""Beginner"", ""description"": ""Basic research exposure""}",3,1,3,Web Developer
USER_7059,BCA,Information Technology,6.626651653816322,Good,0,Intermediate,0,1,Beginner,1,"{""has_research"": true, ""level"": ""Beginner"", ""description"": ""Basic research exposure""}",9,0,7,Web Developer
USER_7060,BCA,Data Science,6.94338644844741,Good,2,Expert,0,4,Intermediate,3,"{""has_research"": false, ""level"": ""None"", ""description"": ""No research experience""}",2,0,1,Data Scientist
USER_7061,BCA,Data Science,6.356745158869479,Good,1,Intermediate,0,4,No Experience,0,"{""has_research"": true, ""level"": ""Beginner"", ""description"": ""Basic research exposure""}",1,1,2,Data Scientist
USER_7062,BCA,Data Science,9.143687545759647,Outstanding,1,Expert,2,3,Experienced,6,"{""has_research"": true, ""level"": ""Beginner"", ""description"": ""Basic research exposure""}",9,1,8,Data Scientist
USER_7063,BCA,Data Science,6.7837666334679465,Good,1,Intermediate,2,4,Intermediate,3,"{""has_research"": false, ""level"": ""None"", ""description"": ""No research experience""}",3,1,8,Data Scientist
USER_7064,MCA,Computer Science,6.404672548436904,Good,2,Intermediate,1,4,No Experience,0,"{""has_research"": true, ""level"": ""Beginner"", ""description"": ""Basic research exposure""}",3,1,5,Software Developer
USER_7065,MCA,Computer Science,7.713480415791242,Very Good,1,Expert,0,2,Beginner,1,"{""has_research"": false, ""level"": ""None"", ""description"": ""No research experience""}",2,0,1,Software Developer
USER_7066,MCA,Computer Science,5.704621124873813,Average,1,Advanced,1,4,Intermediate,3,"{""has_research"": false, ""level"": ""None"", ""description"": ""No research experience""}",6,1,9,Software Developer
USER_7067,MCA,Computer Science,9.0109849037702,Outstanding,2,Intermediate,2,4,Intermediate,3,"{""has_research"": false, ""level"": ""None"", ""description"": ""No research experience""}",5,1,6,Software Developer
USER_7068,MCA,Computer Science,5.372753218398854,Average,2,Expert,2,2,Intermediate,3,"{""has_research"": false, ""level"": ""None"", ""description"": ""No research experience""}",6,1,0,Data Scientist
USER_7069,MCA,Computer Science,9.934434683002586,Outstanding,1,Advanced,2,4,Intermediate,5,"{""has_research"": false, ""level"": ""None"", ""description"": ""No research experience""}",7,0,9,Data Scientist
USER_7070,MCA,Computer Science,8.861223846483288,Excellent,2,Intermediate,1,1,No Experience,0,"{""has_research"": true, ""level"": ""Beginner"", ""description"": ""Basic research exposure""}",2,1,2,Data Scientist
USER_7071,MCA,Computer Science,5.993578407670862,Average,0,Advanced,1,3,Beginner,1,"{""has_research"": false, ""level"": ""None"", ""description"": ""No research experience""}",5,1,4,Data Scientist
USER_7072,MCA,Information Technology,5.027610585618012,Average,1,Intermediate,1,1,Intermediate,5,"{""has_research"": true, ""level"": ""Beginner"", ""description"": ""Basic research exposure""}",5,0,1,Software Developer
USER_7073,MCA,Information Technology,9.07730714227417,Outstanding,2,Intermediate,0,2,Beginner,1,"{""has_research"": true, ""level"": ""Beginner"", ""description"": ""Basic research exposure""}",9,0,3,Software Developer
USER_7074,MCA,Information Technology,8.534286719238086,Excellent,0,Advanced,2,1,Intermediate,4,"{""has_research"": true, ""level"": ""Beginner"", ""description"": ""Basic research exposure""}",7,1,5,Software Developer
USER_7075,MCA,Information Technology,8.645035840204937,Excellent,0,Expert,2,1,Experienced,6,"{""has_research"": true, ""level"": ""Beginner"", ""description"": ""Basic research exposure""}",4,0,9,Software Developer
USER_7076,MCA,AI/ML,8.85635173342973,Excellent,1,Expert,2,4,Intermediate,3,"{""has_research"": true, ""level"": ""Beginner"", ""description"": ""Basic research exposure""}",3,0,9,AI Researcher
USER_7077,MCA,AI/ML,5.370223258670452,Average,2,Expert,0,1,Intermediate,5,"{""has_research"": true, ""level"": ""Beginner"", ""description"": ""Basic research exposure""}",9,0,9,AI Researcher
USER_7078,MCA,AI/ML,6.792328642721364,Good,0,Advanced,2,4,Intermediate,5,"{""has_research"": false, ""level"": ""None"", ""description"": ""No research experience""}",8,1,0,AI Researcher
USER_7079,MCA,Cybersecurity,5.579345297625649,Average,1,Intermediate,1,3,Intermediate,5,"{""has_research"": true, ""level"": ""Beginner"", ""description"": ""Basic research exposure""}",7,0,6,Cybersecurity Analyst
USER_7080,MCA,Cybersecurity,9.315517129377968,Outstanding,0,Expert,2,3,Intermediate,4,"{""has_research"": true, ""level"": ""Beginner"", ""description"": ""Basic research exposure""}",8,1,7,Cybersecurity Analyst
USER_7081,MCA,Cybersecurity,8.11649063413779,Excellent,1,Expert,2,3,Beginner,2,"{""has_research"": true, ""level"": ""Beginner"", ""description"": ""Basic research exposure""}",1,1,7,Cybersecurity Analyst
USER_7082,MCA,Cybersecurity,6.654490124263246,Good,0,Advanced,2,4,Beginner,2,"{""has_research"": false, ""level"": ""None"", ""description"": ""No research experience""}",5,0,7,Cybersecurity Analyst
USER_7083,B.Sc,Computer Science,5.317791751430118,Average,1,Advanced,1,3,Intermediate,4,"{""has_research"": true, ""level"": ""Beginner"", ""description"": ""Basic research exposure""}",4,0,8,Software Developer
USER_7084,B.Sc,Computer Science,6.554911608578311,Good,0,Intermediate,0,4,Intermediate,3,"{""has_research"": true, ""level"": ""Beginner"", ""description"": ""Basic research exposure""}",3,1,7,Software Developer
USER_7085,B.Sc,Computer Science,6.625916610133736,Good,1,Intermediate,0,3,Beginner,1,"{""has_research"": false, ""level"": ""None"", ""description"": ""No research experience""}",3,1,9,Software Developer
USER_7086,B.Sc,Computer Science,8.64803089169032,Excellent,1,Expert,2,3,Intermediate,3,"{""has_research"": true, ""level"": ""Beginner"", ""description"": ""Basic research exposure""}",8,1,5,Data Scientist
USER_7087,B.Sc,Computer Science,8.187787356776067,Excellent,2,Advanced,1,3,Beginner,2,"{""has_research"": false, ""level"": ""None"", ""description"": ""No research experience""}",3,1,1,Data Scientist
USER_7088,B.Sc,Computer Science,9.436063712881634,Outstanding,2,Expert,2,2,Beginner,1,"{""has_research"": false, ""level"": ""None"", ""description"": ""No research experience""}",7,1,9,Data Scientist
USER_7089,B.Sc,Computer Science,7.361074625809747,Very Good,2,Expert,1,1,Experienced,6,"{""has_research"": false, ""level"": ""None"", ""description"": ""No research experience""}",3,1,2,Data Scientist
USER_7090,B.Sc,Information Technology,5.597971229691509,Average,0,Expert,2,2,Beginner,2,"{""has_research"": false, ""level"": ""None"", ""description"": ""No research experience""}",0,1,2,Web Developer
USER_7091,B.Sc,Information Technology,8.566223936114975,Excellent,2,Advanced,0,1,Intermediate,4,"{""has_research"": false, ""level"": ""None"", ""description"": ""No research experience""}",7,1,5,Web Developer
USER_7092,B.Sc,Information Technology,8.803925243084487,Excellent,0,Intermediate,1,4,No Experience,0,"{""has_research"": true, ""level"": ""Beginner"", ""description"": ""Basic research exposure""}",6,1,1,Web Developer
USER_7093,B.Sc,Information Technology,7.806385987847481,Very Good,2,Expert,2,1,Beginner,1,"{""has_research"": false, ""level"": ""None"", ""description"": ""No research experience""}",9,1,1,Web Developer
USER_7094,B.Sc,Data Science,8.854835899772805,Excellent,0,Expert,1,2,Experienced,6,"{""has_research"": true, ""level"": ""Beginner"", ""description"": ""Basic research exposure""}",7,1,4,Data Scientist
USER_7095,B.Sc,Data Science,7.468977981821954,Very Good,2,Advanced,1,1,Intermediate,4,"{""has_research"": true, ""level"": ""Beginner"", ""description"": ""Basic research exposure""}",1,0,3,Data Scientist
USER_7096,B.Sc,Data Science,7.61366414690997,Very Good,1,Expert,0,2,Beginner,1,"{""has_research"": false, ""level"": ""None"", ""description"": ""No research experience""}",1,0,0,Data Scientist
USER_7097,B.Sc,Physics,7.137705091792748,Very Good,1,Advanced,1,0,Beginner,1,"{""has_research"": false, ""level"": ""None"", ""description"": ""No research experience""}",4,1,1,Data Scientist
USER_7098,B.Sc,Physics,5.127095633720476,Average,2,Intermediate,1,1,Intermediate,3,"{""has_research"": false, ""level"": ""None"", ""description"": ""No research experience""}",3,0,4,Data Scientist
USER_7099,B.Sc,Physics,5.539457134966522,Average,0,Intermediate,0,1,Experienced,6,"{""has_research"": false, ""level"": ""None"", ""description"": ""No research experience""}",9,1,7,Data Scientist
USER_7100,B.Sc,Physics,5.157145928433671,Average,0,Advanced,2,2,Intermediate,5,"{""has_research"": false, ""level"": ""None"", ""description"": ""No research experience""}",4,1,7,Data Scientist
USER_7101,B.Sc,Mathematics,8.182052056318902,Excellent,2,Intermediate,1,2,Intermediate,4,"{""has_research"": false, ""level"": ""None"", ""description"": ""No research experience""}",1,0,9,Data Scientist
USER_7102,B.Sc,Mathematics,6.571779905381634,Good,2,Intermediate,2,2,Intermediate,4,"{""has_research"": false, ""level"": ""None"", ""description"": ""No research experience""}",2,1,8,Data Scientist
USER_7103,B.Sc,Mathematics,7.542853455823514,Very Good,2,Advanced,1,1,Intermediate,4,"{""has_research"": false, ""level"": ""None"", ""description"": ""No research experience""}",7,0,7,Data Scientist
USER_7104,M.Sc,Computer Science,9.676482658741325,Outstanding,1,Advanced,2,1,Beginner,2,"{""has_research"": false, ""level"": ""None"", ""description"": ""No research experience""}",7,1,6,AI Researcher
USER_7105,M.Sc,Computer Science,7.372522802021062,Very Good,2,Intermediate,2,1,Intermediate,5,"{""has_research"": false, ""level"": ""None"", ""description"": ""No research experience""}",1,1,8,AI Researcher
USER_7106,M.Sc,Computer Science,7.936340230624705,Very Good,0,Expert,3,4,Experienced,6,"{""has_research"": false, ""level"": ""None"", ""description"": ""No research experience""}",8,1,9,AI Researcher
USER_7107,M.Sc,Computer Science,9.14442898490067,Outstanding,1,Expert,2,1,Intermediate,3,"{""has_research"": false, ""level"": ""None"", ""description"": ""No research experience""}",2,1,7,AI Researcher
USER_7108,M.Sc,Computer Science,7.300793579220679,Very Good,1,Intermediate,1,2,Beginner,2,"{""has_research"": false, ""level"": ""None"", ""description"": ""No research experience""}",0,1,1,Data Scientist
USER_7109,M.Sc,Computer Science,6.769429684400776,Good,0,Intermediate,2,1,Beginner,2,"{""has_research"": false, ""level"": ""None"", ""description"": ""No research experience""}",4,1,6,Data Scientist
USER_7110,M.Sc,Computer Science,7.514130085198188,Very Good,1,Advanced,1,4,Beginner,2,"{""has_research"": false, ""level"": ""None"", ""description"": ""No research experience""}",9,0,1,Data Scientist
USER_7111,M.Sc,Computer Science,7.064274505389015,Very Good,1,Advanced,2,3,No Experience,0,"{""has_research"": false, ""level"": ""None"", ""description"": ""No research experience""}",4,1,2,Data Scientist
USER_7112,M.Sc,Computer Science,9.753941783199004,Outstanding,1,Expert,2,3,Intermediate,5,"{""has_research"": true, ""level"": ""Beginner"", ""description"": ""Basic research exposure""}",8,1,7,Data Scientist
USER_7113,M.Sc,Data Science,9.32842132847546,Outstanding,0,Expert,1,4,Intermediate,3,"{""has_research"": true, ""level"": ""Beginner"", ""description"": ""Basic research exposure""}",6,0,5,Data Scientist
USER_7114,M.Sc,Data Science,8.716913147786482,Excellent,2,Advanced,3,4,Experienced,6,"{""has_research"": true, ""level"": ""Beginner"", ""description"": ""Basic research exposure""}",2,1,0,Data Scientist
USER_7115,M.Sc,Data Science,9.55011206565701,Outstanding,0,Expert,3,3,Beginner,1,"{""has_research"": true, ""level"": ""Beginner"", ""description"": ""Basic research exposure""}",7,0,8,Data Scientist
USER_7116,M.Sc,Data Science,9.312852269146902,Outstanding,1,Intermediate,3,2,Experienced,6,"{""has_research"": true, ""level"": ""Beginner"", ""description"": ""Basic research exposure""}",2,0,7,Data Scientist
USER_7117,M.Sc,AI/ML,7.152995206101125,Very Good,1,Expert,3,4,Beginner,1,"{""has_research"": true, ""level"": ""Beginner"", ""description"": ""Basic research exposure""}",8,1,5,AI Researcher
USER_7118,M.Sc,AI/ML,9.62395649471492,Outstanding,2,Expert,2,1,Beginner,1,"{""has_research"": false, ""level"": ""None"", ""description"": ""No research experience""}",4,0,1,AI Researcher
USER_7119,M.Sc,AI/ML,8.387697846704778,Excellent,1,Intermediate,3,1,Experienced,7,"{""has_research"": false, ""level"": ""None"", ""description"": ""No research experience""}",4,0,0,AI Researcher
USER_7120,M.Sc,AI/ML,9.32604054307422,Outstanding,1,Intermediate,2,3,Intermediate,5,"{""has_research"": false, ""level"": ""None"", ""description"": ""No research experience""}",3,1,9,AI Researcher
USER_7121,M.Sc,Physics,9.636319549732226,Outstanding,0,Intermediate,1,0,Experienced,6,"{""has_research"": true, ""level"": ""Beginner"", ""description"": ""Basic research exposure""}",3,1,9,Data Scientist
USER_7122,M.Sc,Physics,7.613012162401524,Very Good,0,Intermediate,2,2,Experienced,7,"{""has_research"": false, ""level"": ""None"", ""description"": ""No research experience""}",0,1,4,Data Scientist
USER_7123,M.Sc,Physics,6.885181735846869,Good,2,Intermediate,1,3,Intermediate,5,"{""has_research"": true, ""level"": ""Beginner"", ""description"": ""Basic research exposure""}",4,1,4,Data Scientist
USER_7124,M.Sc,Physics,7.297773068896796,Very Good,1,Advanced,1,3,Experienced,7,"{""has_research"": false, ""level"": ""None"", ""description"": ""No research experience""}",6,1,9,Data Scientist
USER_7125,M.Sc,Physics,7.994877260191897,Very Good,1,Advanced,1,3,Intermediate,4,"{""has_research"": false, ""level"": ""None"", ""description"": ""No research experience""}",0,1,4,Data Scientist
USER_7126,MBA,Business,8.863051680728725,Excellent,2,Elementary,1,1,Intermediate,4,"{""has_research"": true, ""level"": ""Beginner"", ""description"": ""Basic research exposure""}",2,0,0,Business Analyst
USER_7127,MBA,Business,9.0125570413972,Outstanding,1,Elementary,1,2,Beginner,2,"{""has_research"": false, ""level"": ""None"", ""description"": ""No research experience""}",4,1,6,Business Analyst
USER_7128,MBA,Business,6.024332456859168,Good,0,Beginner,1,2,Intermediate,4,"{""has_research"": true, ""level"": ""Beginner"", ""description"": ""Basic research exposure""}",4,1,4,Business Analyst
USER_7129,MBA,Finance,7.78761555902148,Very Good,1,Beginner,2,0,Beginner,2,"{""has_research"": true, ""level"": ""Beginner"", ""description"": ""Basic research exposure""}",3,1,8,Financial Analyst
USER_7130,MBA,Finance,7.460938511020727,Very Good,1,Beginner,2,0,Intermediate,4,"{""has_research"": true, ""level"": ""Beginner"", ""description"": ""Basic research exposure""}",7,1,4,Financial Analyst
USER_7131,MBA,Finance,6.777377336647556,Good,2,Elementary,3,2,Beginner,1,"{""has_research"": true, ""level"": ""Beginner"", ""description"": ""Basic research exposure""}",7,0,9,Financial Analyst
USER_7132,MBA,Finance,6.4195287856678895,Good,2,Elementary,3,1,Beginner,1,"{""has_research"": true, ""level"": ""Beginner"", ""description"": ""Basic research exposure""}",7,1,6,Business Analyst
USER_7133,MBA,Finance,7.1816530999126975,Very Good,0,Beginner,1,0,Intermediate,4,"{""has_research"": true, ""level"": ""Beginner"", ""description"": ""Basic research exposure""}",1,0,3,Financial Analyst
USER_7134,MBA,Business,9.300183963693817,Outstanding,0,Elementary,2,2,Experienced,6,"{""has_research"": true, ""level"": ""Beginner"", ""description"": ""Basic research exposure""}",2,1,1,Product Manager
USER_7135,MBA,Business,7.131210262072644,Very Good,1,Intermediate,2,2,No Experience,0,"{""has_research"": true, ""level"": ""Beginner"", ""description"": ""Basic research exposure""}",3,1,7,Product Manager
USER_7136,MBA,Business,7.815767176101781,Very Good,0,Elementary,1,2,Intermediate,5,"{""has_research"": false, ""level"": ""None"", ""description"": ""No research experience""}",4,0,1,Product Manager
USER_7137,MBA,Business,8.460566356133123,Excellent,1,Beginner,3,1,No Experience,0,"{""has_research"": false, ""level"": ""None"", ""description"": ""No research experience""}",5,0,2,Product Manager
USER_7138,MBA,Business,7.272703608327529,Very Good,2,Beginner,1,1,Intermediate,3,"{""has_research"": true, ""level"": ""Beginner"", ""description"": ""Basic research exposure""}",3,1,2,Product Manager
USER_7139,MBA,Finance,9.401237289523362,Outstanding,0,Elementary,1,1,Intermediate,4,"{""has_research"": true, ""level"": ""Beginner"", ""description"": ""Basic research exposure""}",1,0,2,Financial Analyst
USER_7140,MBA,Finance,9.368565532297389,Outstanding,0,Elementary,1,2,No Experience,0,"{""has_research"": false, ""level"": ""None"", ""description"": ""No research experience""}",0,0,6,Financial Analyst
USER_7141,MBA,Finance,6.881238035388774,Good,2,Beginner,3,0,Experienced,7,"{""has_research"": false, ""level"": ""None"", ""description"": ""No research experience""}",5,0,7,Financial Analyst
USER_7142,MBA,Finance,7.740369770623349,Very Good,2,Beginner,3,0,Intermediate,4,"{""has_research"": false, ""level"": ""None"", ""description"": ""No research experience""}",0,0,7,Financial Analyst
USER_7143,MBA,Finance,7.053074084358694,Very Good,1,Elementary,3,0,Experienced,7,"{""has_research"": true, ""level"": ""Beginner"", ""description"": ""Basic research exposure""}",7,0,1,Financial Analyst
USER_7144,Ph.D,Computer Science,7.496941730321136,Very Good,3,Intermediate,1,2,Experienced,7,"{""has_research"": true, ""level"": ""Expert"", ""description"": ""Extensive research experience""}",6,1,7,AI Researcher
USER_7145,Ph.D,Computer Science,6.6291043157408645,Good,3,Expert,2,1,Intermediate,4,"{""has_research"": true, ""level"": ""Advanced"", ""description"": ""Extensive research experience""}",6,1,3,AI Researcher
USER_7146,Ph.D,Computer Science,8.633475168929639,Excellent,2,Advanced,2,4,Experienced,9,"{""has_research"": true, ""level"": ""Advanced"", ""description"": ""Extensive research experience""}",5,1,5,AI Researcher
USER_7147,Ph.D,Computer Science,8.259376581301016,Excellent,3,Advanced,2,2,Experienced,10,"{""has_research"": true, ""level"": ""Advanced"", ""description"": ""Extensive research experience""}",1,0,1,AI Researcher
USER_7148,Ph.D,AI/ML,6.680175629374963,Good,1,Expert,3,3,Intermediate,5,"{""has_research"": true, ""level"": ""Advanced"", ""description"": ""Extensive research experience""}",9,1,1,AI Researcher
USER_7149,Ph.D,AI/ML,7.47526262482814,Very Good,2,Advanced,3,4,Intermediate,3,"{""has_research"": true, ""level"": ""Expert"", ""description"": ""Extensive research experience""}",9,1,5,AI Researcher
USER_7150,Ph.D,AI/ML,9.678930600883287,Outstanding,1,Expert,3,2,Intermediate,5,"{""has_research"": true, ""level"": ""Expert"", ""description"": ""Extensive research experience""}",3,0,5,AI Researcher
USER_7151,Ph.D,AI/ML,7.3384666173344035,Very Good,3,Advanced,1,3,Experienced,6,"{""has_research"": true, ""level"": ""Expert"", ""description"": ""Extensive research experience""}",8,0,9,AI Researcher
USER_7152,Ph.D,Data Science,7.007132052319281,Very Good,3,Advanced,1,2,Experienced,7,"{""has_research"": true, ""level"": ""Expert"", ""description"": ""Extensive research experience""}",5,1,0,Data Scientist
USER_7153,Ph.D,Data Science,8.21308466097147,Excellent,1,Intermediate,3,4,Intermediate,4,"{""has_research"": true, ""level"": ""Advanced"", ""description"": ""Extensive research experience""}",0,0,8,Data Scientist
USER_7154,Ph.D,Data Science,9.949776589387104,Outstanding,1,Advanced,2,4,Experienced,8,"{""has_research"": true, ""level"": ""Advanced"", ""description"": ""Extensive research experience""}",5,1,5,Data Scientist
USER_7155,Ph.D,Data Science,7.347193450290251,Very Good,3,Expert,1,1,Intermediate,5,"{""has_research"": true, ""level"": ""Advanced"", ""description"": ""Extensive research experience""}",9,0,1,Data Scientist
USER_7156,Ph.D,Data Science,8.852474415920575,Excellent,2,Advanced,3,4,Experienced,10,"{""has_research"": true, ""level"": ""Expert"", ""description"": ""Extensive research experience""}",6,1,3,Data Scientist
USER_7157,Ph.D,Mechanical,9.165668653650512,Outstanding,1,Elementary,2,0,Experienced,7,"{""has_research"": true, ""level"": ""Expert"", ""description"": ""Extensive research experience""}",8,1,0,Mechanical Engineer
USER_7158,Ph.D,Mechanical,7.331731403973399,Very Good,1,Elementary,3,0,Intermediate,3,"{""has_research"": true, ""level"": ""Advanced"", ""description"": ""Extensive research experience""}",4,0,2,Mechanical Engineer
USER_7159,Ph.D,Mechanical,9.048757220141509,Outstanding,2,Elementary,2,0,Intermediate,3,"{""has_research"": true, ""level"": ""Expert"", ""description"": ""Extensive research experience""}",6,0,2,Mechanical Engineer
USER_7160,Ph.D,Mechanical,7.787240964517387,Very Good,2,Intermediate,3,1,Experienced,8,"{""has_research"": true, ""level"": ""Advanced"", ""description"": ""Extensive research experience""}",6,0,6,Mechanical Engineer
USER_7161,Ph.D,Mechanical,8.713070407077527,Excellent,1,Elementary,1,2,Experienced,9,"{""has_research"": true, ""level"": ""Expert"", ""description"": ""Extensive research experience""}",6,1,1,Mechanical Engineer
USER_7162,Ph.D,Electrical,8.717353987663131,Excellent,1,Elementary,1,3,Experienced,8,"{""has_research"": true, ""level"": ""Advanced"", ""description"": ""Extensive research experience""}",6,0,3,Electrical Engineer
USER_7163,Ph.D,Electrical,8.375211394261655,Excellent,2,Intermediate,2,0,Experienced,9,"{""has_research"": true, ""level"": ""Expert"", ""description"": ""Extensive research experience""}",5,0,5,Electrical Engineer
USER_7164,Ph.D,Electrical,6.816014195190429,Good,1,Beginner,3,0,Experienced,6,"{""has_research"": true, ""level"": ""Expert"", ""description"": ""Extensive research experience""}",5,0,3,Electrical Engineer
USER_7165,Ph.D,Electrical,9.423558734562333,Outstanding,1,Beginner,2,1,Intermediate,5,"{""has_research"": true, ""level"": ""Advanced"", ""description"": ""Extensive research experience""}",1,0,7,Electrical Engineer
USER_7166,Diploma,Mechanical,6.603900324858679,Good,2,Intermediate,1,2,Beginner,2,"{""has_research"": false, ""level"": ""None"", ""description"": ""No research experience""}",1,1,7,Mechanical Engineer
USER_7167,Diploma,Mechanical,5.932592551999271,Average,2,Elementary,1,0,Beginner,2,"{""has_research"": true, ""level"": ""Beginner"", ""description"": ""Basic research exposure""}",4,1,7,Mechanical Engineer
USER_7168,Diploma,Mechanical,5.20387570777382,Average,0,Beginner,1,2,No Experience,0,"{""has_research"": true, ""level"": ""Beginner"", ""description"": ""Basic research exposure""}",1,1,7,Mechanical Engineer
USER_7169,Diploma,Mechanical,7.954464715941209,Very Good,2,Intermediate,2,0,Intermediate,3,"{""has_research"": true, ""level"": ""Beginner"", ""description"": ""Basic research exposure""}",9,0,5,Mechanical Engineer
USER_7170,Diploma,Electrical,8.387821809211413,Excellent,1,Intermediate,0,0,Intermediate,3,"{""has_research"": false, ""level"": ""None"", ""description"": ""No research experience""}",5,0,8,Electrical Engineer
USER_7171,Diploma,Electrical,5.082939144639281,Average,2,Beginner,0,1,Intermediate,3,"{""has_research"": true, ""level"": ""Beginner"", ""description"": ""Basic research exposure""}",8,0,5,Electrical Engineer
USER_7172,Diploma,Electrical,7.560465291496405,Very Good,1,Elementary,1,3,Beginner,2,"{""has_research"": true, ""level"": ""Beginner"", ""description"": ""Basic research exposure""}",0,1,1,Electrical Engineer
USER_7173,Diploma,Electrical,6.1324788759896895,Good,1,Beginner,2,3,Beginner,2,"{""has_research"": false, ""level"": ""None"", ""description"": ""No research experience""}",9,0,5,Electrical Engineer
USER_7174,Diploma,Electrical,8.225863952047249,Excellent,0,Intermediate,2,1,Beginner,2,"{""has_research"": false, ""level"": ""None"", ""description"": ""No research experience""}",6,0,9,Electrical Engineer
USER_7175,Diploma,Civil,5.871832145024957,Average,0,Elementary,2,3,Beginner,2,"{""has_research"": true, ""level"": ""Beginner"", ""description"": ""Basic research exposure""}",8,0,6,Civil Engineer
USER_7176,Diploma,Civil,8.45468869051233,Excellent,2,Elementary,0,2,Beginner,2,"{""has_research"": false, ""level"": ""None"", ""description"": ""No research experience""}",3,1,7,Civil Engineer
USER_7177,Diploma,Civil,6.933676731502687,Good,0,Beginner,0,1,No Experience,0,"{""has_research"": false, ""level"": ""None"", ""description"": ""No research experience""}",1,0,5,Civil Engineer
USER_7178,Diploma,Civil,9.683649943683672,Outstanding,2,Beginner,2,3,Beginner,1,"{""has_research"": false, ""level"": ""None"", ""description"": ""No research experience""}",9,0,7,Civil Engineer
USER_7179,Diploma,Civil,5.687604720729967,Average,0,Elementary,1,1,Intermediate,3,"{""has_research"": true, ""level"": ""Beginner"", ""description"": ""Basic research exposure""}",7,0,8,Civil Engineer
USER_7180,Diploma,Electronics,6.705331755251293,Good,1,Elementary,0,2,Intermediate,3,"{""has_research"": false, ""level"": ""None"", ""description"": ""No research experience""}",4,1,8,Electrical Engineer
USER_7181,Diploma,Electronics,5.567367606202946,Average,2,Elementary,0,1,Beginner,1,"{""has_research"": true, ""level"": ""Beginner"", ""description"": ""Basic research exposure""}",0,1,5,Electrical Engineer
USER_7182,Diploma,Electronics,9.623468091392814,Outstanding,2,Beginner,2,0,Beginner,2,"{""has_research"": false, ""level"": ""None"", ""description"": ""No research experience""}",2,1,7,Electrical Engineer
USER_7183,Diploma,Computer Science,9.386696766904905,Outstanding,0,Advanced,0,2,Intermediate,3,"{""has_research"": true, ""level"": ""Beginner"", ""description"": ""Basic research exposure""}",0,1,0,Web Developer
USER_7184,Diploma,Computer Science,6.289708138575778,Good,1,Expert,1,2,Intermediate,3,"{""has_research"": true, ""level"": ""Beginner"", ""description"": ""Basic research exposure""}",5,0,0,Web Developer
USER_7185,Diploma,Computer Science,8.299920230170894,Excellent,1,Intermediate,2,3,Beginner,1,"{""has_research"": false, ""level"": ""None"", ""description"": ""No research experience""}",4,1,2,Web Developer
USER_7186,Diploma,Computer Science,9.08611100100608,Outstanding,2,Advanced,1,1,No Experience,0,"{""has_research"": false, ""level"": ""None"", ""description"": ""No research experience""}",3,0,8,Web Developer
USER_7187,Diploma,Computer Science,7.776004057997312,Very Good,2,Expert,2,4,No Experience,0,"{""has_research"": true, ""level"": ""Beginner"", ""description"": ""Basic research exposure""}",3,1,1,Web Developer
